"species","compound_name","Station 1","Station 2","Station 4","Station 6","Station 7","Station 8","Station 9","Station 10","Station 11"
"BLL","BLL 24:0 +3O",1175413.49376949,4651966.12742908,4354394.55955729,5230065.47830386,1462226.60947877,4003644.06088323,1055538.91751409,2767927.86979765,4803780.99217439
"BLL","BLL 26:2 +4O",42703.9126630745,59217.113805299,45232.7920568327,0,3102146.85557733,1676567.44917861,0,4273359.1220755,0
"BLL","BLL 32:1 +3O",1221888.06072088,7466812.41990407,6451301.4199262,3728446.55170026,9040389.94414074,23329942.7538211,1945102.74461044,6821933.66302953,5639814.09800503
"BLL","BLL 32:6 +4O",246956.079638805,91233.6023736676,1753981.84151402,2985141.37144711,1451964.54741319,1255579.35149944,0,1962469.54711424,904485.641865684
"BLL","BLL 42:11",1214998.91864055,1150963.41003312,8466898.89822316,15173195.1772017,2094208.03756555,333134.369100136,9037257.56547275,83731.9172031382,992214.032934967
"BLL","BLL 42:3 +4O",1363464.53924555,849332.510303012,588410.606353494,0,3042530.66503555,11709080.3527316,0,22201041.4531327,1833200.36278402
"DAG","DAG 24:4",8710530.41541038,187268811.142489,173467973.913853,89933588.2284397,127670572.599042,109733486.302629,81760980.16719,82171829.8315564,77525452.7823627
"DAG","DAG 26:4",1523941.46796809,23119566.3887335,27929368.2565035,10471509.1811969,19620910.9919847,15386053.3402969,9352772.90057208,12369346.4347081,8952111.23947067
"DAG","DAG 28:0",1585464.37324869,4176462.89032235,14974841.7748154,1050603.26362159,4113355.3476783,6483030.98163111,513049.808313338,14128390.4895153,2721616.13206636
"DAG","DAG 28:2",32698352.7491948,109577644.163135,281004909.286419,43075895.6156035,145362111.714434,146280239.932833,22210586.023047,219956334.989084,69988205.1669456
"DAG","DAG 28:3",5575805.19494289,26201655.391394,60271726.3374438,7561561.29829482,27101937.3946123,61430210.0218966,3169017.50966678,113223226.500834,14319241.6437982
"DAG","DAG 28:4 +1O",493001.657389613,3942584.75335955,3522042.50306451,1267694.95944008,1957050.02839401,2293949.24916688,1371396.17202785,2399055.94745999,1675688.69699975
"DAG","DAG 28:4 +3O",307728.529542879,898680.582809755,353137.868807245,122822.147106675,11961556.376348,5864785.85111161,50332.3720486263,10338249.1486593,188820.948828378
"DAG","DAG 28:5 +1O",16422685.8270404,8782447.8208423,11693993.4282113,4128075.00718456,609640.252051198,606826.877277622,945487.030705749,659287.434817637,3433865.6131062
"DAG","DAG 28:6 +1O",741950.320042679,2240902.8889473,4096090.96245949,1408646.43170757,3207848.79507732,1733101.27529974,398972.238648691,4380939.2031792,912955.021572194
"DAG","DAG 28:7 +1O",505387.376570298,8540259.72199629,5065030.34332337,19534.8489164726,7685166.30873117,6700018.61877319,36866.1794856057,15623472.2501267,602127.625466041
"DAG","DAG 28:7 +3O",1875276.46995055,12793622.2536875,17436491.6909747,353013.435409498,19302489.8488124,10055230.3610196,452175.763512614,9037543.12023913,1454761.54215527
"DAG","DAG 30:1",5412621.17666927,8065064.64840089,6904703.03359407,605215.745015666,545021.844388201,1103692.98446589,163453.04993095,4932388.34116067,5882242.83178213
"DAG","DAG 30:2",68548845.1720587,218873858.325403,530548226.544919,40685408.2092695,218832949.744899,245245913.239897,26139065.9349425,364222993.626654,168363730.26893
"DAG","DAG 30:3",35598187.8189589,171072576.158225,424569106.898809,25365266.0354027,229933512.133216,262533513.438554,14492322.5161464,414051059.386731,100681437.861247
"DAG","DAG 32:0",1100340.02036535,1736228.16212569,2199847.46526943,2775386.012513,4915704.22062843,1180491.18244024,105395.711004863,4975121.78981206,1173562.97666788
"DAG","DAG 32:1",1987897.9825205,3897202.42772437,2825019.54512353,1781282.43550904,2545275.18693936,2331912.8392815,1155658.49882103,5801917.87775611,2171991.24926869
"DAG","DAG 32:2",2543179.18664022,9318428.1916588,16803954.1246587,1142074.96774009,8410913.98407701,10633317.3800045,789472.475124787,13535078.6220209,6674713.01733301
"DAG","DAG 32:4",5550866.97260135,6927512.30621504,4590164.32948364,1704170.49250088,1971688.79560911,3521598.1260169,608628.947990823,10275976.0787493,3724405.71694237
"DAG","DAG 32:5",759568.37285665,6505990.03093247,6392177.56754498,3351471.94192964,7114445.92813095,8730252.25641278,3372679.26935948,7961206.38318393,2115690.5947816
"DAG","DAG 32:8 +1O",4741924.47885422,35128911.5750769,28947296.9918394,9810524.83982831,51524667.8937402,43803965.4114178,3096166.43693333,121663756.091171,7552411.44689528
"DAG","DAG 34:1",2746633.79170026,12137968.5949308,10891225.6487146,5413600.03193348,11204373.9000205,9155551.29831381,4095202.4206147,4588916.29795783,3394008.14031327
"DAG","DAG 34:9",3041666.74615674,5600706.74194208,16291243.4177198,8068868.44287862,10192749.7713213,8233679.38779284,3032666.04487827,4333318.12201391,2211977.66517062
"DAG","DAG 34:9 +1O",676580.808052092,4513151.01246428,7125952.71861682,412350.978462113,4262073.30208558,4925516.43417406,78295.411959528,2482260.54909361,1398947.11569448
"DAG","DAG 36:0 +3O",0,33229.7627068336,0,0,1261534.22213924,10633405.1616604,0,48136948.9914809,0
"DAG","DAG 36:1",11409410.3648635,45662189.4205205,50765128.8441806,31637732.2306441,50159633.7190501,54405827.1086937,24067535.2173645,26584080.2098869,17463736.674447
"DAG","DAG 36:10",4600789.0562863,5800028.73444153,10322468.3507083,15072096.7969271,7849003.8319865,2289406.4937204,14303603.8911931,3479242.72125051,2459825.63375913
"DAG","DAG 38:0",9850343.66406973,15634963.2820317,9716743.61993661,5599786.60220973,14117254.1369802,7284262.98428337,4843084.22153234,4595708.24409676,2871442.53593292
"DAG","DAG 38:10",3270415.79073666,8730364.58584978,17580458.2216963,10735766.7316304,11045349.5774118,13624053.9499926,4173965.73648274,19027009.8995966,4939576.35062392
"DAG","DAG 38:2",2436667.03223712,18728322.2515131,25700439.2919219,12284175.8030316,14303090.4126488,14122944.6824769,8056302.51022856,8233913.25279644,5508434.05433177
"DAG","DAG 38:7",23926739.985561,34192251.0386647,29801028.5237731,10430385.8354261,17279794.3074349,31187103.30528,4283409.1689505,61696239.1210729,26212760.0031799
"DAG","DAG 38:8",5273925.06427123,10007858.3526791,10358810.4404663,6179532.53780957,6715057.03791369,10002816.8472488,1781975.53247661,15367935.0977903,4582511.68161253
"DAG","DAG 38:9",13875990.3907602,42956934.8609519,42911669.7869691,27891472.8560879,45854699.9815035,58216439.4430285,7921817.86236064,49603223.1956809,14258023.3153145
"DAG","DAG 40:0",8207267.92160603,16170570.3656043,14114856.7326408,6669060.76507725,14727356.8624326,7938789.08332181,2865513.18213445,4369982.35964883,2734438.14415177
"DAG","DAG 40:10",65479050.0343996,192775964.708145,176850981.694031,92067651.9245211,65262456.0377422,169481533.181614,30366057.7740249,129254009.225615,212689137.548476
"DAG","DAG 40:11",4095298.95789507,7172296.97224819,22765268.6811309,29126309.1861251,10256547.6410084,3801895.09327355,23721090.4236076,4446822.13945459,3552693.32132558
"DAG","DAG 40:11 +3O",4865185.21401227,24502721.3593136,14368864.8792612,93383.2381881107,30577044.054665,9671251.58749764,42038.1510742884,18310907.3018233,14085266.6919263
"DAG","DAG 40:2",2006675.08468197,13462480.3001671,22899923.9860501,8479807.86017636,13272403.0937324,13425312.3534459,3451874.42548764,6347976.95979272,3448182.88791315
"DAG","DAG 42:0",4260877.68883506,14092679.336089,12190318.0828029,4859567.51556016,13391589.3266441,6712705.06821123,1808156.39928919,3646603.07709269,1697035.45047718
"DAG","DAG 44:0",2286178.23733992,8366993.10569547,6249180.06958344,2588852.48691519,7598279.76512592,3754847.07072045,1367449.1158222,1010547.99254724,914965.467990751
"DAG","DAG 44:12",39632074.9730909,125915406.154814,145289786.477482,87090355.2644288,65858737.8478767,150520940.762684,53673972.8092419,130824217.081037,75835472.2455409
"DAG","DAG 48:2",1112749.0642969,3396094.71501684,828532.180864616,420451.61343685,540152.838984897,1035891.48031621,78947.4996132054,3370226.28991171,1512715.48659197
"DAG","DAG 50:1",2178481.11479958,1507640.80724149,3558208.43157911,6500368.46227352,5789353.26043341,966177.352806894,269723.626513401,2759980.91993688,206961.461728205
"DAG","DAG 50:2",4087585.61695443,14700026.4918887,2971498.17345304,2074430.9950785,4071095.32892668,3155261.8211784,191300.329015621,5869627.53856591,4276615.33901349
"DAG","DAG 50:3",5220123.65811551,11351746.0234726,8578090.34772439,11004125.5845256,14188096.7157544,3658206.95160202,860706.199479866,5565973.98540045,3449464.63378046
"DAG","DAG 52:2",3570874.67444414,3821704.12964092,8467076.29398997,10497498.1629169,14538182.6560751,1449749.15478149,649857.331404431,4094958.95703113,1135320.31531067
"DAG","DAG 52:3",4473625.36365333,12297468.5301477,9409833.94577908,9281166.17891935,15507443.9089708,2274999.80280346,600871.181314587,6246201.1995393,2833592.79353657
"DAG","DAG 52:4",3827085.2234237,11845378.1652076,13041815.4358892,10370670.8090981,20270488.7097629,2727603.45585984,937181.976947819,5450642.40959642,3143714.48674745
"DGCC","DGCC 26:0 +4O",8130763.64246363,4226137.56631035,6817829.37351677,4990370.90860503,5406478.62791211,6897731.74780217,2840226.02739942,11944479.8738528,1344938.58721559
"DGDG","DGDG 24:2 +2O",567194.441889897,0,33099.7935025824,0,20500572.2109752,16527451.8494377,0,116987665.401854,61683.4780679148
"DGDG","DGDG 24:3",959310.675763941,4184108.24492368,11667976.9038562,1962615.42124524,9607135.34361972,5422642.21053394,653785.989048065,7524712.56120816,3775214.09634981
"DGDG","DGDG 26:5",436998.05037916,2361935.83373258,4768576.51473613,2156980.65018409,1109857.13757365,1394243.86255737,811163.038448566,2497259.35665522,1859454.82872213
"DGDG","DGDG 26:6",361041.005450781,1656205.19721473,5022005.28375936,2395134.4140737,1694501.45560484,1524380.08382292,1568516.19454248,2095598.6816982,1450663.2745056
"DGDG","DGDG 28:6",587497.047019628,3113783.80953275,7316706.73688072,5090017.22684959,1919379.0989549,2410323.75399274,2840990.89383448,3041900.34792119,2052323.59873556
"DGDG","DGDG 30:0",4178510.33511515,4496497.36931624,6071450.17996198,40933054.133585,5340237.90249065,1936028.63480847,4429175.18022487,4976422.9158434,2608017.4785427
"DGDG","DGDG 30:0 +1O",901785.768039354,2637108.16970587,4624800.54732519,1051865.89950745,727223.744716553,46382005.8394452,189603.094127766,6003560.14641624,2372328.04862156
"DGDG","DGDG 30:1",27863056.6362252,45281633.0002445,62606094.7385738,286580476.083744,46199166.7652956,9599728.0929553,32825134.327011,24409301.9512174,44233424.7586016
"DGDG","DGDG 30:4",968890.45136742,2322580.38177633,1161156.13708875,348304.024175351,7611435.00168645,4274327.77371636,0,10479485.5570682,323115.943554925
"DGDG","DGDG 32:0 +3O",11517864.0702813,22126780.7384715,18779806.5148966,10189844.4769099,2429425.57106202,14243009.4389238,3580581.87592485,16653186.8658838,15479706.3304935
"DGDG","DGDG 32:1",12615878.8747376,19105466.9614336,17906766.9714288,39235660.8331098,13761113.6670828,7794201.75141837,19710103.9883565,24677158.3944632,14008052.786924
"DGDG","DGDG 32:2",22626367.5777097,36921015.3640366,53521766.2448738,19462725.8074079,15885079.005787,6338745.63441206,9544469.74389579,20190869.4925709,50493685.8077345
"DGDG","DGDG 32:3",6074881.09099375,15023999.1336375,10606812.5173517,10239125.7429124,6920175.88405162,1780249.50563736,6470984.80103455,7818853.90139531,7319046.71804344
"DGDG","DGDG 32:4",4009870.31345457,5405127.13801899,7454538.43518781,20627672.4355766,8118898.75268421,1587095.39660126,20817924.9281212,3211420.38318504,1736261.53222075
"DGDG","DGDG 32:6 +1O",2399891.35840516,8245061.72502555,4991014.33333095,130578.180196809,1931243.8594554,1956747.46594384,0,4230755.55192533,4912484.91951198
"DGDG","DGDG 34:1",7492373.30946747,12524483.061684,14865253.1077911,46619323.5495665,9331802.51250146,2237569.59925912,18155264.9318379,5572774.54590167,6153970.06537066
"DGDG","DGDG 34:2",4674743.68648118,4529177.06518594,7307890.99270485,23221342.6624816,5193784.34721689,893873.588482694,8037097.95989524,2446217.02835606,2338449.9633908
"DGDG","DGDG 34:3",2829432.42858998,4172373.89651132,5002573.0478621,19163023.1829515,4717755.58278096,1002976.80628654,7125196.90499631,2323731.34021548,1102362.15059488
"DGDG","DGDG 34:4",4799156.51137004,5083288.88700668,7443842.72011683,27200467.5152842,8612441.24210205,1081164.4337278,16768476.5117955,1741884.86166648,1225447.30629401
"DGDG","DGDG 34:5",5774287.15774865,21353313.2346665,36824210.6798068,14509867.7574921,9375353.0878849,4242125.50798444,3253464.90990368,6276148.75303812,11174244.4329826
"DGDG","DGDG 34:7",13716039.5796537,23575192.5310292,42589619.6804387,49721495.3552772,23752168.2461555,3469915.41336812,40038893.5207576,1034597.01454539,12119783.9007274
"DGDG","DGDG 34:8",1981069.02566311,2230120.85935002,11002718.5657567,15279938.5420348,3651180.60643578,751813.128349449,6577563.28255235,35224.5140942487,1386422.51975429
"DGDG","DGDG 34:9",5829870.50582922,5489632.5962341,29230716.5843614,17582950.6104173,5991759.06504142,1466773.69633382,4481893.51736693,1367566.77880495,2212556.25607115
"DGDG","DGDG 36:0 +1O",862847.928013994,1840019.38971112,2213246.52409478,1659659.21179704,587768.507584297,4120904.68206346,1130217.19716329,2416534.84210717,811673.581702635
"DGDG","DGDG 36:10",26649443.3526069,48014235.0258737,55253789.3505794,112979275.948295,76605106.7278754,11074860.9214138,74316063.9306809,14388345.5569424,15362212.5217041
"DGDG","DGDG 36:4",178235.770879303,139288.783828407,101545.906834512,2736963.58923402,145609.264129327,0,1032812.15532938,0,0
"DGDG","DGDG 36:5",1827443.88134186,5021048.93377238,4045416.97098239,5322932.33749955,2211139.6218006,1839734.37353251,2879882.24721794,2661475.66211816,934102.004832675
"DGDG","DGDG 36:6",6786893.58587913,15990174.472721,14571976.8617117,7482815.41827726,13822662.9907382,7331074.78074636,1876497.62878947,12925422.5049391,12661975.8387511
"DGDG","DGDG 36:7",29836901.9859173,133028548.386606,213793943.14576,45936397.3085262,169734421.486398,140244679.480564,17975376.9678016,164957650.280003,117597363.471546
"DGDG","DGDG 36:7 +1O",91025107.7467972,142941671.610158,62564999.7925359,184715.118415733,3239917.69873973,23467300.2964005,0,27578097.1138971,112809198.932858
"DGDG","DGDG 36:8",6403417.21049332,21625050.5631677,29869141.0275551,17003339.1115741,19905710.8014977,9331604.52397375,5923465.9099664,10028803.6528496,14525092.82876
"DGDG","DGDG 36:8 +2O",4018735.31299556,8748820.01106561,12549888.7693222,0,3055994.97214075,13536042.1656418,0,26229057.9106825,5824081.61030739
"DGDG","DGDG 38:2",1008861.62018748,2288835.07819919,1895138.1186215,88305.5286533269,1031977.92889106,5948952.5990945,0,5299233.17186039,2546040.29900483
"DGDG","DGDG 38:2 +3O",1522768.80778053,1626548.58305302,2329571.49960624,5090715.75104083,593041.830434214,378904.587018413,2694048.15606221,2042211.14180155,1458840.01439511
"DGDG","DGDG 40:0 +4O",0,0,0,0,25558327.9159356,7320479.65646988,0,23193492.2837317,0
"DGDG","DGDG 40:1 +4O",0,0,34009.65248746,27725.6027429547,61281787.6450265,8099366.80271361,0,37063966.5517681,0
"DGDG","DGDG 40:2 +1O",5938739.5250832,7884844.63761546,7868299.21590651,4296079.39196728,0,144703.717791413,1578266.57077371,682520.817630888,11337072.5835786
"DGDG","DGDG 40:2 +3O",19405458.4325743,50345269.5253352,43689588.8341143,5416159.33204097,8543916.68717851,13591132.5324148,2169081.66355813,31365615.8863633,48881306.6601267
"DGDG","DGDG 40:3 +4O",0,0,0,0,81114260.3924198,7458003.63011538,0,20737325.2927028,0
"DGDG","DGDG 40:4 +4O",97996.5530870293,0,71288.6323846378,0,294301171.594415,20113400.1752709,0,97061307.315325,0
"DGDG","DGDG 40:5 +4O",0,0,0,0,33531629.960187,4403052.12842377,0,15702908.360218,0
"DGDG","DGDG 40:6 +3O",0,0,33196.3911173257,0,6424450.53465191,7814896.69957345,0,24945315.0772195,26786.5657201728
"DGDG","DGDG 40:7 +3O",536869.628821603,29227.0184615716,140343.59351206,0,39677024.3010238,45575295.9889106,0,112618275.091051,152193.267730957
"DGDG","DGDG 40:8",416652.80212755,10040263.3142824,18672678.6665321,37988.6074302502,3343110.93042469,2704026.50886413,0,7853882.7253145,6505271.82272002
"DGDG","DGDG 40:8 +3O",0,0,0,0,16845355.7602526,27986125.2583242,0,47448247.6458361,0
"DGDG","DGDG 42:2 +3O",12201846.9317586,29574666.9622921,21074215.662814,11023311.0338541,6412764.19757513,9801397.8090628,7007364.56939928,40136789.2437083,32587459.101232
"DGDG","DGDG 44:2 +3O",2988503.79060744,4533545.0520368,5531907.14474083,5353685.99136697,4062892.28364178,2800961.58146942,3388924.9162364,8990152.64276892,4495272.95579188
"DGDG","DGDG 44:3 +3O",2371809.84075532,7157859.13871495,5594428.57774106,3783759.81951244,3573362.42307417,3789993.75859342,2682661.35711665,9449355.0586185,7059451.73817937
"DGDG","DGDG 44:7 +2O",0,33914.1827891722,0,0,6442018.01115124,13997293.2724748,0,13636694.4107081,0
"DGDG","DGDG 44:9",0,0,0,0,10289539.1860886,17103104.4348096,0,29600350.7233667,0
"DGDG","DGDG 46:3 +3O",3519279.07807442,9297708.20481769,9016953.64129661,3215886.25676847,12543131.5059572,5270934.16662227,3412228.14760117,18396279.9554897,11593308.7219348
"DGDG","DGDG 46:8 +2O",0,0,0,0,14780146.2518035,11658706.4489634,0,17592555.921048,0
"DGDG","DGDG 52:4 +2O",3948105.16580328,21166509.8450193,21256245.9277982,20773612.6802592,17255091.3304138,20198756.8562127,7550628.04052963,17716778.1302541,15097759.2055325
"DGTS_DGTA","DGTS_DGTA 26:3",5910867.59673133,4323903.87726292,2326283.12047964,21978.985446076,111644044.499824,362728004.547641,0,903191421.744144,863280.436114223
"DGTS_DGTA","DGTS_DGTA 26:4",392432.124917239,87257.2081895721,128035.806052555,132902.873439083,20284612.6260998,78288855.6531532,0,134159213.255185,329739.056998461
"DGTS_DGTA","DGTS_DGTA 26:5",5473934.12133649,32625014.1030333,31654090.8066417,22914730.841746,20526716.8121647,24846332.6893825,11958967.9413708,23124908.1588177,19895351.5999222
"DGTS_DGTA","DGTS_DGTA 28:0",85422912.4085453,154871987.026306,216617338.627168,79028760.2187544,49975899.7247196,18568366.9559887,47918035.3037648,42605163.5604267,113150744.974234
"DGTS_DGTA","DGTS_DGTA 28:3",218578.641119006,62450.0688640864,20984.2151393838,0,4995179.20694468,22992713.6007222,0,65729810.808472,32693.0155691391
"DGTS_DGTA","DGTS_DGTA 28:4",129374.198929827,59512.9423161675,0,0,3805562.14148178,24695847.9641053,0,33835020.6006641,0
"DGTS_DGTA","DGTS_DGTA 28:7",7227996.70443887,3800414.40758248,2344002.99844633,18115644.6411711,25012176.0673984,55041344.4557605,8756452.9733029,162543015.510908,11820190.8268829
"DGTS_DGTA","DGTS_DGTA 30:0",19337820.4219062,116695970.453552,76764922.6998632,46233858.9952709,26940045.9691789,25282387.9886127,22529421.4453643,30692436.6902576,66745663.3639651
"DGTS_DGTA","DGTS_DGTA 30:2",18299009.5798469,27915410.1135452,29589621.1895656,15025146.2399716,8097777.00170744,8978321.18116005,9162365.80636057,19180057.9048261,28705637.7748532
"DGTS_DGTA","DGTS_DGTA 30:6",0,0,0,0,5845333.12169639,18470121.6411016,0,37292350.2031963,0
"DGTS_DGTA","DGTS_DGTA 30:7",9204419.85526611,13826344.4901351,8050271.48474847,0,117056754.933123,573065098.724186,886501.824416955,806279835.25096,1693693.79595334
"DGTS_DGTA","DGTS_DGTA 32:1",56320072.0597387,165973551.145106,168712039.805399,116443790.678874,147856131.008579,224816806.167048,74861216.2091565,262959822.85948,153737984.233134
"DGTS_DGTA","DGTS_DGTA 32:3",26429906.3793359,27750607.6362739,42643659.8468935,61517171.6853149,9929102.77343185,7166540.34579207,16414279.454693,12758757.5004247,20215924.7731367
"DGTS_DGTA","DGTS_DGTA 32:6",1184288.57329872,1798485.72352432,2919632.48687006,6197032.31453395,3090900.8367449,280341.020237294,5684186.04512607,1248964.32253897,444442.701514842
"DGTS_DGTA","DGTS_DGTA 34:2",42466114.9366841,121457591.793258,188949919.982773,140814101.492346,75396235.3726373,117623758.28833,72205536.30298,105772085.725585,64835231.0523841
"DGTS_DGTA","DGTS_DGTA 34:3",40715180.4627573,83348092.2068248,109034654.380617,70818640.9612686,13134407.0371853,20424290.1202507,19099266.7525778,11679334.6184189,39702063.903125
"DGTS_DGTA","DGTS_DGTA 34:6",17337416.5444732,27080355.017939,36340719.3312515,23755336.4575172,12263720.7197168,5726813.99965386,16820517.5802038,7667511.49962645,16176828.4235999
"DGTS_DGTA","DGTS_DGTA 34:7",3888593.65465421,7778180.2273458,14983310.3055914,21922315.7670732,10216422.7306386,4451927.04948097,9326319.1201581,4917799.4379048,3461138.3018283
"DGTS_DGTA","DGTS_DGTA 34:8",9342351.05604694,13576057.4656732,75039821.7308259,48082930.4557291,36088098.9926998,13089988.6984677,12157555.0254973,8858445.18070797,10347950.8733
"DGTS_DGTA","DGTS_DGTA 36:0",10066737.7991212,19922749.4531167,24696770.2738695,10397439.4632128,16786617.5488257,17320024.5878898,11444776.660027,28621093.8379041,11721502.4275403
"DGTS_DGTA","DGTS_DGTA 36:10",2189886.23094342,4077457.94048489,6263039.31334104,3702596.58846967,1369693.00228197,1522359.83046015,374931.801492683,303196.165380331,1074388.56366861
"DGTS_DGTA","DGTS_DGTA 36:2",60271537.080102,152258150.831846,358155379.484007,173781106.861634,65608029.7947736,84950944.5344534,134340224.747855,84173419.5985064,111266702.05841
"DGTS_DGTA","DGTS_DGTA 36:3",18241885.742096,54188238.9982935,106749444.096658,110048609.28872,31314468.1747568,30893788.2036911,57079349.1239135,48774575.7535067,34557667.9200383
"DGTS_DGTA","DGTS_DGTA 36:5",108351732.539526,340945519.955578,291474212.019489,238912013.36769,67288696.6566607,65865425.6580304,67418960.9017937,76845283.4374209,188617110.563644
"DGTS_DGTA","DGTS_DGTA 36:6",51086080.486502,71998032.9997302,125994126.776679,102962634.173154,41322782.3927904,12294033.4819583,95947326.8597641,29258069.5141753,43603368.2033012
"DGTS_DGTA","DGTS_DGTA 36:8",25624535.6643098,45420429.2412994,134694106.058327,119449224.473453,75410833.44002,22053872.5818499,28723242.8449529,19208779.7931051,23859073.8945113
"DGTS_DGTA","DGTS_DGTA 36:9",15119670.5815292,24223803.7909978,54383573.6022254,24520170.5544112,18884335.7740472,5868908.06703512,6405596.38484641,8782267.74599972,7833325.8665839
"DGTS_DGTA","DGTS_DGTA 38:1",2775693.82888457,10073278.8719801,13087515.9265936,9769823.26276055,9718112.80465879,8438493.0162309,6352494.55896045,7894914.75259908,3854592.07888688
"DGTS_DGTA","DGTS_DGTA 38:10",35241191.9487557,45261339.6655155,128940232.943944,55435988.8560527,27216829.2966048,12330280.4734594,11581081.1947974,11596796.887525,17986105.9745753
"DGTS_DGTA","DGTS_DGTA 38:3",10388981.8728227,14880570.5761928,29948592.1593174,16483936.5303214,14115802.2226951,22102182.8610103,2476359.09021192,20892823.7788585,12195507.1877114
"DGTS_DGTA","DGTS_DGTA 38:4",5915534.78641858,8269090.14518245,32476918.4148671,27167138.9808936,13102751.6924018,27152395.2410222,3244384.72639334,23720446.9597249,8634389.41187271
"DGTS_DGTA","DGTS_DGTA 38:6",120262055.293897,171050779.471801,293549322.682727,402335973.235285,112042786.843736,50891347.7989527,325843167.926094,116534546.867271,125582783.457248
"DGTS_DGTA","DGTS_DGTA 38:7",18682358.2473472,27869521.529269,50143689.5935289,57713659.7709197,18153525.8379428,5872166.627174,18837819.8106657,11697423.7137946,18689392.1591381
"DGTS_DGTA","DGTS_DGTA 38:8",13752317.5461556,19853149.0877616,31193899.8383176,50714640.7495349,13070696.9712691,5176650.11862011,17711309.8118885,4052420.51785827,10983673.4682026
"DGTS_DGTA","DGTS_DGTA 40:10",113613873.88698,218764283.759754,449500375.180979,300160697.79153,101942450.968494,55948943.9338341,103013750.804639,77299273.040436,114224376.545185
"DGTS_DGTA","DGTS_DGTA 40:11",22447877.7703261,34377751.8526291,107880494.418501,48760946.1235627,35882712.0294615,10269543.8415969,25405622.8386224,8042519.46872517,11399785.4879735
"DGTS_DGTA","DGTS_DGTA 40:4",12938029.2310554,13407181.8918856,34701732.6511751,13128533.0152786,33340167.6400166,16089246.1265989,1752503.57518954,36616241.3867542,15588508.3129893
"DGTS_DGTA","DGTS_DGTA 40:5",5743799.0366114,9835356.60330282,34809784.3254678,25386117.9943003,16714379.9005627,27014284.3238702,2147625.16562819,19225666.0492938,11537783.6770163
"DGTS_DGTA","DGTS_DGTA 40:6",8636977.48011128,8164109.27120906,31586834.3269926,25143965.51719,5330922.97567182,12699193.2446708,22393690.8663452,6782793.94158946,9794280.28686395
"DGTS_DGTA","DGTS_DGTA 40:7",14632217.0216055,20823724.2413798,37482281.7153324,43388248.4729377,8834603.03726361,2821866.90974002,30666880.9534868,5119370.44338918,11384635.7530232
"DGTS_DGTA","DGTS_DGTA 40:8",3922214.49410669,6202460.97337592,11124751.2782669,21681724.6934513,4507080.16602044,314402.617211533,10109808.6010389,1286659.04511213,3326198.51586766
"DGTS_DGTA","DGTS_DGTA 40:9",19280017.9133782,13889907.7284936,33194339.9219816,52744962.498058,10476306.7778516,4313890.46647603,10862618.6611682,3119659.20784634,7389812.53858225
"DGTS_DGTA","DGTS_DGTA 42:11",74867422.5154568,174956826.144471,280094740.453856,223034258.107217,66740384.1811284,63839302.4800701,104813181.957224,80331610.8785812,112827993.731033
"DGTS_DGTA","DGTS_DGTA 42:2",1306948.83215806,4237848.51371118,7153668.28601468,8099171.79273907,757031.729927763,928071.778935922,5041090.27730034,2174932.10073973,2114192.11030235
"DGTS_DGTA","DGTS_DGTA 42:4",6583763.08226556,9611554.34668431,25818588.2321496,14046329.0541313,38746886.1352359,26142131.71746,2716209.6680515,38725158.3469273,11819600.3649509
"DGTS_DGTA","DGTS_DGTA 42:5",11631771.0428429,14724367.6975269,50458064.935891,21969363.0023807,43589212.5700928,30146109.0598302,2199108.2391707,38551302.1425737,19885123.4167776
"DGTS_DGTA","DGTS_DGTA 42:8",5399153.62144939,5596324.43192573,9552823.16299538,3365107.50650436,8983605.63212747,1597374.9686809,2846604.83173712,4815509.02228497,4120148.87869497
"DGTS_DGTA","DGTS_DGTA 44:12",132947061.848067,207922515.506977,618018076.397298,882367016.951103,265292650.461841,90417822.8317968,383505290.890681,112910350.968962,99864887.8312746
"DGTS_DGTA","DGTS_DGTA 44:4",1196971.09853326,4315651.69740566,3806331.12261997,2320347.86289711,10728705.6068697,7999339.05510016,871651.678674978,8607667.73843959,2631923.44127598
"DGTS_DGTA","DGTS_DGTA 44:5",8847048.93927785,9922653.24466394,43406170.7451984,26404013.2652566,24094901.3433058,25615966.9968077,4564452.58689228,26454339.9348708,15120355.6947654
"DGTS_DGTA","DGTS_DGTA 44:6",2716690.06120513,6375545.49053871,29556414.0203064,13618128.2214521,17888078.1684816,14177414.0105062,2069177.88130194,13349609.8958674,9499214.06544289
"DGTS_DGTA","DGTS_DGTA 44:7",3432972.02754947,2831400.60183492,16334701.947045,7252592.59424778,11945695.1058221,11879402.9312717,1196911.79344736,7037103.07168535,6399346.03737033
"DGTS_DGTA","DGTS_DGTA 44:8",4916480.66595111,5393701.36151423,33061720.361873,22670067.9174781,21249789.5341842,18986905.0990979,3149988.56997195,11405842.5524055,5435971.17453436
"DGTS_DGTA","DGTS_DGTA 46:8",5346706.25235521,4828501.65663835,21861378.695039,20095730.1471974,22309136.2206436,12162773.0261303,5302290.07666726,18472101.4952584,5856876.70084925
"DNPPE","DNPPE",602586786.649888,3615520719.89933,3615520719.89933,2410347146.59955,3012933933.24944,2410347146.59955,1807760359.94966,2410347146.59955,1807760359.94966
"MGDG","MGDG 28:1 +3O",2268616.84404202,18371831.4812869,48342622.5925983,9291415.05582459,46051147.2887043,52963824.4096517,5576385.33577183,45884637.9446285,16111577.4955609
"MGDG","MGDG 30:0 +1O",2775449.38659775,7199418.28144858,15425685.265608,8654963.31934037,8204861.48535126,5081920.86599934,3259927.26443659,6845663.91686952,6342102.27317476
"MGDG","MGDG 30:0 +2O",5753253.1045404,23222556.3009863,30773298.7373785,10617214.1365915,16567574.6350899,59253467.3394933,4970872.05897591,23207790.9482068,18164419.5517924
"MGDG","MGDG 30:1 +2O",552493.852181495,1730618.55232891,4307941.26881809,1874861.33882002,2261450.4588674,2964612.53386683,1025862.1635307,1889750.44150234,1381086.11388702
"MGDG","MGDG 30:1 +3O",61310899.8584611,283400989.141464,329349940.884116,93138634.2670472,47873773.543017,586998833.091955,64355148.0014069,171299741.353543,139595155.837614
"MGDG","MGDG 30:2 +2O",584565.980337702,2437691.46237407,6305134.13067938,1506020.12921832,11533791.8131313,2518110.35386358,1262407.5174775,10709410.7866616,6994452.03192991
"MGDG","MGDG 30:4 +2O",804090.722825401,2158517.47760066,2431669.64349649,761787.734356638,63602215.8485152,29464817.1667093,401313.916883667,41246133.5565247,874697.095554509
"MGDG","MGDG 32:1 +3O",689762.9501581,2897064.40559552,3789499.15684968,17286159.1813163,3948400.84264914,2269875.55357199,3404951.74801111,5685553.66856198,1542126.28330235
"MGDG","MGDG 32:2 +1O",1838245.42330676,3675257.49608984,6396781.78237792,21777621.7719838,1283787.45630308,1850326.2147607,11181054.9521191,2396461.28987353,2819967.03839853
"MGDG","MGDG 32:2 +3O",8016431.36864957,32891044.4566967,43611779.9717055,9595615.16236495,6708059.20369803,237408415.506646,6101319.31204142,33469229.3476109,22548872.2150527
"MGDG","MGDG 32:3 +1O",4245757.36381338,5764274.50230829,4969013.93467511,8041468.82885304,6624317.91579758,5015848.35227013,6666143.65649812,11243208.1333072,3988038.7193471
"MGDG","MGDG 32:5 +2O",51095.1316935204,0,128488.887098264,20896.4356621424,38768874.0854375,19287415.9482286,0,33547580.7660687,25450.81698636
"MGDG","MGDG 32:5 +3O",2065463.90455756,7754876.94496671,15309101.6772293,3520091.52034613,4987144.25426072,5058583.09655659,1272805.02124913,4738311.60207106,7759311.208541
"MGDG","MGDG 34:2 +1O",3029523.06246428,6591402.66294975,8938123.10047497,26509330.0032348,7355017.27244062,9894338.11570174,8497765.69544332,4611858.73070066,7578904.98372951
"MGDG","MGDG 34:3 +1O",2471666.54539188,2139634.10371544,4122668.59036467,17477827.0116548,2010606.59922854,10333151.805627,11880263.7569854,1431701.62947324,1951590.76431484
"MGDG","MGDG 34:5 +2O",4016890.45516775,1009622.55694917,1983696.36421309,0,56627396.0058894,70346534.7235118,0,349205832.330372,449151.866581787
"MGDG","MGDG 34:7 +2O",309997.452696719,212717.336347734,275466.441620676,123694.037561588,19961268.2623514,8703821.20192665,15822.0719880483,38895799.5763809,216038.278876961
"MGDG","MGDG 34:8 +2O",527508.850771905,58270.1667682672,178191.745264903,0,42654399.4061323,11532252.8460572,28988.3884022435,49804299.9646597,0
"MGDG","MGDG 34:8 +3O",491768.026727018,8127678.5137213,7818929.31552421,8875531.89994588,2161376.08936652,9736632.93230176,1660826.29767502,4799826.94937583,2383436.66149776
"MGDG","MGDG 36:0 +1O",66255379.0534091,102295598.64724,87311989.7770401,15579668.2739793,41165081.6202071,146131650.845778,2744168.42530209,113235693.849694,111068076.421593
"MGDG","MGDG 36:1 +1O",421082.010706056,4387668.51084416,4243663.15980429,1398074.37871743,2293910.2941086,2951358.25123718,1332334.17101821,2036035.03856328,1772272.13482397
"MGDG","MGDG 36:10 +1O",584726.907723607,366251.327079957,772285.024724764,257633.664854648,14362195.5160082,51645898.9680629,27439.6954794555,76251943.1516609,161609.953603621
"MGDG","MGDG 36:10 +2O",892242.367871456,1134783.60215036,5110307.9369466,3383022.94952114,156086.138808978,0,1555935.10411077,0,469945.329025447
"MGDG","MGDG 36:10 +4O",789512.064503746,402212.786704705,51019.7129222241,35581.6022110232,3573200.30710773,57974422.5524051,0,58115461.5917286,38612.770263789
"MGDG","MGDG 36:2 +3O",207954.781652161,1115873.56036168,2404005.95428223,30104.6617958955,8733977.05535869,5403897.63371327,46192.6572157669,23336931.3071054,149112.105008287
"MGDG","MGDG 36:4 +3O",0,0,0,0,55637245.4593001,5067188.06837866,0,11247063.1047481,0
"MGDG","MGDG 36:5 +2O",1082549.97197139,313735.426858594,324640.955379836,0,24041300.9473118,33813557.7071435,0,130232078.763102,406106.313092181
"MGDG","MGDG 36:6 +2O",4017593.71617004,2977412.11903052,5333034.61188352,18875.9456188936,169795227.636965,150715898.136276,0,759464335.906139,3345897.93623712
"MGDG","MGDG 36:6 +3O",4379216.23371329,15504262.1592265,4659129.19719242,0,11071820.5839234,11610001.787347,0,29523105.1568772,9325921.36528309
"MGDG","MGDG 36:7 +1O",722809.16013981,1833910.74558925,2878873.05535642,1763988.39825002,1722400.33163421,2490449.51545392,1038728.69946138,3853877.96527133,677296.036583843
"MGDG","MGDG 36:7 +2O",9769237.60535033,4608820.55668396,6521680.9790334,0,217219630.789706,231912802.340951,0,1101394694.7954,3325788.14064332
"MGDG","MGDG 36:8 +2O",7393189.32524577,2795301.61309044,3104173.07405308,0,267424628.264184,185311515.98986,0,1179800273.49142,3163591.75366944
"MGDG","MGDG 36:8 +3O",9750840.39275336,45113516.0231145,11820677.9184693,0,44352105.5264237,36262112.7843724,0,77256744.9309981,15500196.2237707
"MGDG","MGDG 36:8 +4O",147528.532886651,62536.909159994,66047.0259974107,0,11600220.7861221,14671324.9001967,30604.203579969,32542823.3204949,93984.8581452963
"MGDG","MGDG 38:10 +2O",886579.030117316,1378021.42470395,2649861.51308491,0,79480642.6197158,15869034.4167027,0,62445534.5792494,34662.4452755688
"MGDG","MGDG 38:6 +1O",1245502.06275948,3535564.53564971,5599057.01393957,1446426.53734247,3348920.38743009,23186474.8307568,529670.461384149,6555212.42035853,2493289.56160261
"MGDG","MGDG 38:6 +3O",1269951.5356625,2754202.94928871,2496401.96886407,648442.420471146,501519.72943166,3431971.98481237,399480.057110261,3430281.80209787,1591662.93913013
"MGDG","MGDG 38:7 +2O",56642.0526197072,0,156800.346991125,30421.9166684935,17517382.2653156,8575176.50074095,0,40389865.6309664,135415.225602857
"MGDG","MGDG 38:8 +2O",305744.872439004,1136917.41578561,533738.538680731,34010.0006194588,19962770.5660096,11994237.479337,19792.1630200525,41467094.7251914,4490677.77347705
"MGDG","MGDG 38:9 +2O",669162.039994327,576244.495121245,1564624.9171195,0,66643185.7045119,17170361.1029611,0,81645972.3772297,549758.956347354
"MGDG","MGDG 40:11 +2O",22940.6322629099,0,0,0,12272607.0252868,3504709.88738512,0,17051130.0346183,0
"MGDG","MGDG 40:8 +1O",2816352.25597178,4690651.33476069,7699443.7631919,85194.9073839174,10731172.7198124,10383194.2833969,37386.2672409348,12785776.2310468,3460603.91006404
"MGDG","MGDG 40:9 +2O",3160427.07839905,11334573.6639829,19732352.0022763,489143.178893309,7744962.63511786,8944321.76726869,244241.882245275,13954062.8269567,8214390.99954584
"MGDG","MGDG 42:10 +3O",9352313.7811941,48535321.3488892,54860574.9026679,30898202.1556502,42501619.2868348,36218346.0457573,22909387.3997205,39270749.8890416,24111621.5532235
"MGDG","MGDG 42:11 +2O",0,0,24393.2312234827,0,32413455.552385,6535104.18046497,0,33789628.9090387,0
"MGDG","MGDG 42:6 +4O",1501382.73795708,2360597.01017221,3150274.89736711,0,3274132.5497002,8992355.91961266,0,7376870.99653979,2438933.82773534
"MGDG","MGDG 44:10 +3O",341582.455155005,829667.419661894,3694742.19595232,2754191.25548667,4471290.46779771,2400258.75738016,260938.048791221,1816937.80178051,849129.091246495
"MGDG","MGDG 44:7 +3O",6962082.85399536,25564101.0790992,59619341.9332836,2972786.03105814,14461365.6660648,20732591.0615823,338550.758004965,11816533.5082654,16711960.6243046
"MGDG","MGDG 44:9 +3O",26103386.7479839,116604972.45963,23679053.3498935,755951.573400909,26635438.0705934,22921170.1863503,39613.6826502052,17432662.1667952,19636191.1548707
"MGDG","MGDG 46:2 +2O",2573499.78139851,4295942.21338455,4099215.03014517,1763984.49233264,6541485.18298009,5490754.57895447,2257006.5943554,5109495.88414164,2907239.68096923
"MGDG","MGDG 46:3 +3O",2177257.56413801,2126815.53695705,2671224.5083035,219463.835030997,3526589.78485792,15163773.9717921,202805.722230003,16705205.0611673,2302146.60445593
"MGDG","MGDG 46:5 +1O",6827420.22577189,10719954.59273,10028377.8118885,9145978.09118609,14746483.7815704,20393549.9406507,4954027.13757623,34364113.8844789,16829488.5521573
"MGDG","MGDG 46:5 +3O",1206330.25881103,1263591.19361516,2620995.76406041,40933.327057483,42014951.624963,44786142.8705839,0,112843070.009259,1873412.88822035
"MGDG","MGDG 46:6 +1O",28226065.9285838,93320414.6510394,95417497.3808598,19910163.1261418,39631208.7867618,174267610.441883,8195884.00457047,121976736.066027,83436796.3007268
"MGDG","MGDG 46:7 +1O",1750366.26402557,2565005.78947244,2087440.10799336,0,294912450.093368,51241390.1932597,0,121443768.844865,1185125.6706913
"MGDG","MGDG 48:2 +1O",2030706.35165219,3070640.30867725,5483012.78145745,10246918.9923077,6342872.33251974,3437911.85528153,6034334.18896237,14113028.5600485,1622169.82463932
"MGDG","MGDG 48:4 +2O",12152625.5259641,40902880.1908852,6716270.67525308,1159422.51613581,8246760.21333747,16455838.1097988,125324.935834262,52033118.4587343,43079555.505801
"MGDG","MGDG 48:4 +3O",505757.860999309,554872.551495102,1418097.51089264,3638625.49184857,3182942.41468852,2959478.4995027,1285790.9452202,4212277.06630673,1630144.58356327
"MGDG","MGDG 48:6 +1O",7916912.123434,32761714.5556063,45781806.3445356,17034736.5795692,25799922.7776933,71804580.6408772,9149374.27828388,54063734.7865186,15519325.2339502
"MGDG","MGDG 48:6 +4O",0,0,0,0,10782629.2947806,3085448.4273681,0,9331124.84767355,0
"MGDG","MGDG 48:8 +3O",954655.225869964,199836.246294561,1847072.1732385,69584.0345896355,22106480.6821501,31978881.226745,0,80291482.5793638,1040398.46325606
"MGDG","MGDG 50:2 +1O",4398090.68443099,9574439.94560976,15703100.3335374,1528615.60690662,2992138.62961634,38030553.1167913,1047440.49375521,14256887.8315107,6611692.08235433
"PC","PC 24:2",347313.576813675,1277377.26619976,2614114.65760885,0,5098009.08943281,4105568.94001408,75423.6134968096,1030468.25061537,713720.01957177
"PC","PC 28:0 +1O",456313.258625221,2079303.67795779,4367865.16905765,1177442.96492101,3145910.33584362,937949.184788126,345980.055978947,1582781.67206656,2213221.6677135
"PC","PC 28:3",707273.804522206,5222803.96363917,18774228.9525138,1367803.65719827,4830609.49686643,10363450.2333869,368636.091717266,12995754.5607262,2638329.30311587
"PC","PC 28:5 +1O",9572544.75850146,28578762.5313491,23503996.0389314,1778384.82449872,23407215.5426149,12338219.1516915,130874.426162974,24763260.1417701,22238911.3685544
"PC","PC 30:0",155036832.364403,483558513.828804,438510807.265007,211577917.95459,170513771.785041,407434441.976743,92630765.6627035,354125433.391214,251734630.808627
"PC","PC 30:0 +1O",1802657.40147907,6254291.67443589,10310354.8344578,5016405.83512916,3290281.01091497,3145531.66281248,2729919.65477043,3839004.17286716,3896445.16080717
"PC","PC 30:4 +1O",2243198.02973235,8981904.07422332,24735380.0676427,7179985.24592103,10769729.9065248,10651425.0363661,3380241.7232308,10506398.1201653,8853590.15552738
"PC","PC 30:5 +1O",86054.2156240501,378973.944017121,3103308.81133779,1326564.80001459,1748130.29613099,2242894.61139467,989084.2538624,1895984.59783112,811023.75673017
"PC","PC 32:3 +1O",1873757.01553707,7333675.15889418,7384671.28030276,707983.758074995,3565153.68403826,3608898.11694015,176517.380603421,5926643.063683,3001439.96902337
"PC","PC 32:4",29959379.8698903,92090074.0535254,115954475.849074,81557594.0353063,25481378.9160898,259618280.900265,32888214.6755565,76624940.1583223,59950516.9178723
"PC","PC 32:4 +1O",2318759.03432387,7126369.75001655,18593580.0832773,7068604.98376594,3456612.18240563,18037579.8889647,3526950.93965076,9451972.20406413,8217474.48251841
"PC","PC 32:5 +1O",5957968.82854879,24778791.2583713,82059047.7418002,55773168.4987808,19881383.3319611,34436360.9297416,58871481.9940615,32366942.6535966,25813282.7190026
"PC","PC 34:5 +1O",1625548.9308417,8200252.72218224,28038049.4851216,11387714.8745438,4478084.74794973,18343028.9355521,7575566.33942556,6079459.48447983,5655243.7894705
"PC","PC 34:6 +1O",278403.139952703,1218686.96087447,7271081.19983691,3623298.22090593,1674323.52777245,2230575.57087144,219005.027467788,1880039.73959532,619677.140908006
"PC","PC 34:7",644537.439526586,2039235.53618187,7505725.56418944,2579890.84279302,2359508.57774938,4877035.6273016,1488937.94630708,4608521.69520537,1851526.62012123
"PC","PC 36:10",3866314.2518124,8595811.96490961,20023668.8210714,21876142.9752016,13651289.6008653,3993277.69959506,15871169.9456476,4015896.12118539,3663762.10386885
"PC","PC 36:10 +1O",1345919.73365912,3427373.87817482,3896015.38463621,4655206.1552773,2941999.92047016,945890.803912583,2175159.03752027,2090117.99807565,3330301.23569424
"PC","PC 36:4 +1O",5329252.51115408,14528859.3323677,12644954.6763363,4374639.23691296,2186252.32942539,47474497.2804125,1618719.44346672,17369301.9466049,9699912.1357418
"PC","PC 36:5",862418119.157301,3892351262.52168,2797550685.59439,349020574.457144,356627692.36613,18225059149.4245,171641397.384959,3652638337.88892,2645422553.78798
"PC","PC 36:5 +1O",2749018.535039,8920374.76542387,4196854.44381155,3716818.4764464,16017346.6499567,6373389.25782018,1196114.65027161,5010439.226757,5616114.42316929
"PC","PC 36:9",16452175.3324009,85304687.9351974,88712743.8538397,64468638.4248584,26131817.0439472,30107071.4476017,20176161.4678044,26073217.0767201,44869305.6602791
"PC","PC 38:10",11256528.0188289,30970114.5524921,46950490.9386217,51994200.2657257,18364430.2239035,16781173.789658,29095458.9336606,23766589.038917,23134824.7391315
"PC","PC 38:10 +1O",457711.058277499,1299913.52651258,1580961.66655414,1137750.88009975,164661.32388226,8059641.80980187,3613252.56010668,587566.816249052,2989151.639717
"PC","PC 38:5 +1O",2453462.32434901,5817553.37280565,6252809.75965278,7214189.02086495,385917.903477374,19020055.2578793,4506698.5735774,5517250.40262404,4339827.63570717
"PC","PC 38:6",850431368.182124,2250946073.51148,1805320734.46275,865000061.476149,620395221.786793,5487588504.189,571336274.947833,1833110865.16484,544332362.973434
"PC","PC 38:6 +1O",6728021.31919105,14632271.3456451,6728856.68167212,2693080.14002914,1346719.36975355,12413105.7012012,1159106.56618304,9053895.67517031,13214220.5004352
"PC","PC 38:8",17364412.4551584,57341294.2127955,76559387.5085844,35789963.8329535,24020833.8510831,183515091.681296,14657120.2464224,62201391.9123916,58643856.3407552
"PC","PC 38:8 +1O",2056775.96038926,6173292.62432827,5095835.94001033,4598341.86809964,374087.856206457,4096802.61608288,864379.563462614,1033001.27388032,2636788.23592583
"PC","PC 38:9",55023522.6288331,202836616.997142,248942880.982134,158152900.283083,77270402.5489405,310798318.038223,89647590.2519422,156045431.143473,196018631.046782
"PC","PC 40:10 +1O",6745246.74119713,21508867.3622523,18779845.4463334,4481138.43092997,1659877.1811073,56901159.3312772,1503158.49901321,11280082.0950396,13830391.9974999
"PC","PC 40:11",20883180.0130063,53693371.5648625,72220890.431027,164219193.263474,40584899.3278347,16311434.7182589,177213327.777686,28579094.5722899,15808919.9346755
"PC","PC 40:3",2492493.49379545,2357185.97545084,3671960.55425036,8291139.92937454,848199.489096369,198283.736840688,1909069.31257533,298101.306662041,1525966.98202446
"PC","PC 40:5 +1O",991586.996229162,3198877.45207645,5574587.43100244,986816.839791766,1223100.32490584,6645507.21410427,23181.7186602893,2341968.34119795,2153079.47026572
"PC","PC 40:7",76116871.3106819,293359395.440829,240925746.253958,98972469.9500349,47434523.3186924,1531289287.76752,63404860.0708641,178058924.393579,183674152.618376
"PC","PC 40:8 +1O",1552368.36970607,4809668.07668117,5327252.1483829,5803576.98439331,546913.503409724,7057897.79019515,1556546.34429887,2533106.83885887,1752336.37321646
"PC","PC 42:11",403528852.009062,1835503099.0305,1608749001.79682,783422515.395633,579345396.972122,2450500347.09721,495704399.794621,1533714010.94638,873700866.124901
"PC","PC 42:11 +1O",7159145.18809838,17493749.2977056,11512684.5833214,5406066.37482799,4146654.31084166,13311049.8961405,2115778.45884082,11725361.2756365,11074217.6984263
"PC","PC 42:3",759631.116046676,926624.320028374,2196256.49355682,5270150.80191457,109230.229377267,48463.3478608913,3464704.58834971,40517.678726648,410253.219643933
"PC","PC 42:4",1814513.12704712,4759327.35370461,26157275.3693681,22507379.2178218,1546645.99475123,19669857.5381377,1884672.05107111,5318974.37491599,5857280.90570026
"PC","PC 42:5",15312839.7796844,62435146.2601476,27985555.0851751,4960633.06257847,274662.671510817,68747519.5819032,216005.612593876,28919363.636075,45678591.9419752
"PC","PC 42:8",8369399.63579425,21447051.6752316,16901017.7974301,9215138.85716595,3567820.9849042,61198680.9776697,4000342.78979876,10819881.9951386,12739617.8768978
"PC","PC 42:9 +1O",7485260.70889695,19272787.6722138,19647747.5897046,9645284.83910542,3688823.23982691,82927589.115745,4663455.86243451,18057433.7977035,10973400.7662424
"PC","PC 44:10",941214.979053194,3311445.70477394,5382699.20302112,3537372.69972223,750182.448119992,13004777.7788964,1315427.40245123,4606833.62609096,3833683.00792595
"PC","PC 44:11 +3O",3967680.31418477,4910422.75651543,5428117.73270574,3319870.15053948,2269544.32131762,5619954.04300718,801260.15015571,8288872.50328534,6003226.24608463
"PC","PC 44:12",249157778.028909,631187165.888344,494402763.289014,428003056.587088,220112386.105028,463577679.567073,334930342.696153,797066380.415796,462490570.053063
"PC","PC 44:12 +1O",6227782.8542309,11407987.4381072,4782567.26242111,2422891.06376222,2442395.18063392,5558933.89557903,1872808.56979169,12669623.6587883,9406636.07530111
"PC","PC 44:6",27166149.1580862,102081430.265413,40644553.5780953,6066494.8686054,1428217.36720525,362846969.55024,2095611.98888959,107128416.797636,72418412.0074056
"PC","PC 44:8",17866381.6840794,30674512.5266365,27137486.2485343,11829127.5201082,4546684.99366442,34678744.7743869,3226418.39393456,29403466.8907786,32149360.6969741
"PC","PC 46:7",4204031.86168701,11585444.0288897,7234709.80382434,3712953.77043989,638766.551586219,30632966.0840225,938504.528186171,10467731.7122957,7422827.89107468
"PC","PC 46:8",6992290.99289534,10366418.8200834,28802783.5631515,47850492.7876406,14121373.5581842,4816391.8931145,23342807.9792887,5684466.38334222,4556952.22992801
"PDPT","PDPT 20:4",477420.108465533,2690235.5493093,2297562.08933588,1198400.17689223,2760628.81896178,2583479.42982842,855208.584579608,1860214.95988338,1005299.33962191
"PDPT","PDPT 24:0 +1O",2816806.17025978,8478103.63868758,17255848.3799805,2797406.26980898,4628056.43822764,2816400.76870501,86359.5574279163,4494410.61325575,7235851.33414634
"PDPT","PDPT 24:0 +2O",1836343.38093228,3313159.16783377,10628272.0598254,7697492.3645422,15890491.2659659,2364432.95873246,1434442.80725378,4360308.56683272,1588843.36085856
"PDPT","PDPT 24:3 +1O",201515.132040786,36820.6458526911,98606.0407449597,19475.9574462909,20228942.6998782,10188023.1467317,0,11738873.7790777,32046.3599810595
"PDPT","PDPT 24:4 +2O",24431031.8850145,60218153.8242894,68875941.9681991,49118197.8048626,66924409.1367339,42492328.3155478,37885849.4948462,45223311.7827484,25620900.3228124
"PDPT","PDPT 26:1 +1O",6549964.05191003,43026331.4098106,67573640.566813,4349294.94655371,6910017.16557359,59222051.1158987,5496545.46334543,49723833.2210723,14736385.5823777
"PDPT","PDPT 28:0 +2O",1096518.06957839,514429.944415175,6353756.48341368,20477818.7987341,14057517.3716802,940051.775505459,21924697.7022789,403712.331768489,763504.06555428
"PDPT","PDPT 28:1",19680918.1845798,66428370.6553005,66219942.6180611,1974141.96007399,75049673.787449,20608453.6234786,80361.5555799475,45627472.1197792,40477985.5891388
"PDPT","PDPT 28:1 +3O",912499.33491518,322226.494374539,4287732.53362584,8858496.42727609,12469330.2880232,201319.925552167,2080815.90157133,560166.908243675,535926.959395875
"PDPT","PDPT 30:1 +3O",2918200.02274209,5646387.46499248,20490280.0717034,14830822.6885053,28952349.5981965,2619864.01121083,3368519.92577028,4109330.55068129,3541211.088877
"PDPT","PDPT 30:4",114208.143310785,167509.15491256,2181605.13884301,10310284.7458683,18948.3894459899,73482.5620937249,6703359.68440301,0,83111.9744139206
"PDPT","PDPT 32:5",192241.913823605,190484.967521217,555381.585780747,5956518.5824925,80557.7911764314,64649.3651006964,5576936.25059735,32319.0135599063,160752.910011836
"PDPT","PDPT 34:0 +2O",2524993.91992285,11731017.0576332,21673628.8028319,194609.025564697,4652389.74577291,24681619.4399439,0,24388573.8816843,11515375.5432909
"PDPT","PDPT 34:2 +2O",575646.662048903,2816186.41879843,4783603.74494462,940077.390561678,532301.706110092,1908615.87451291,153847.770224646,3594344.09190159,2681261.73584375
"PDPT","PDPT 34:3 +2O",1487900.75807054,3183283.17390267,6314604.03294857,28546283.6289683,3759272.81337058,337858.575645079,1386465.40195124,939687.986414742,3985264.247609
"PDPT","PDPT 34:4 +1O",0,22426.576924425,76728.8373717328,0,2334711.10043117,11770252.6313705,0,13525938.1165525,0
"PDPT","PDPT 34:5",840719.087006216,377149.014352778,3368303.79015586,21182051.8078534,590751.430528726,3912175.8406553,19667427.8579526,320869.639217136,611128.139403707
"PDPT","PDPT 36:0",3196311.47484465,11176059.3876181,43110749.4143192,17536694.4198932,6554031.7168898,15499830.5171026,3657868.30850446,5355586.5386287,8489350.23927913
"PDPT","PDPT 36:1 +4O",31644541.8201365,308020201.701266,138670798.573849,9392903.20235165,372924049.440929,221106032.090433,10853816.9184503,130181905.490054,26335096.4932454
"PDPT","PDPT 36:2 +2O",29964580.61189,181202434.571065,244752558.804398,8762606.08787763,61305564.8843419,181786838.200773,2456367.81465039,158020481.503161,127708921.708838
"PDPT","PDPT 36:2 +4O",3735707.4258034,27834948.8650858,17802947.3768167,1300809.9341399,45636932.0868221,23917274.7179608,1105294.33569618,16480335.3873737,3738516.61094407
"PDPT","PDPT 36:3 +2O",634867.449846866,1651036.88069063,2203048.42963881,5518632.12148914,402040.84525944,146890.196364936,1749338.88160544,1000828.45567261,944315.453673508
"PDPT","PDPT 36:3 +3O",3161831.0520103,8567104.6143493,12096636.4564494,154611.728950613,1173541.39677188,12296091.2597086,0,12107735.0178351,9587920.73809131
"PDPT","PDPT 36:3 +4O",7165882.42192897,57693001.8587872,31069554.0546974,2082259.82281814,54482862.6666834,38378803.9904826,1861326.56805376,27084160.6097252,7321921.75281216
"PDPT","PDPT 36:4 +2O",370253.01044835,624783.388131698,1487908.32862646,876691.438732172,289462.2590713,134621.470521203,500060.096190102,424760.130097113,1190208.31283155
"PDPT","PDPT 36:6",2618554.02096605,2469836.8648758,3791635.86414218,31352979.1301467,169780.989185068,952713.561645404,41114284.9125398,23104.0697735282,743958.00755484
"PDPT","PDPT 38:1 +1O",965086.1312103,8267111.58580785,10312675.210216,598394.804049243,1780916.71153808,7417896.21435309,1012982.80207904,11832674.7399603,2980215.95649584
"PDPT","PDPT 38:3 +4O",286301760.775188,1873298848.7946,918122532.950587,152701519.074839,2164838181.3321,816486992.597293,188594362.681551,284886125.104105,348258266.746369
"PDPT","PDPT 38:6 +2O",843076.38403953,4613846.5997837,3743666.41869929,414348.152358088,8163185.48799377,4513401.39795908,264601.759114988,6612012.80997251,1515083.79523007
"PDPT","PDPT 38:9",788601.958068589,4805539.51931335,5523257.22850976,5569288.41412546,1597696.77169437,1124529.64476598,7471336.62119189,2575459.63541151,2080410.58006521
"PDPT","PDPT 40:10",796051.106310494,821773.757521219,3076470.6015465,12501328.3618481,477456.038619906,2237336.98743598,23525491.0858458,95947.7216890545,402393.151884245
"PDPT","PDPT 40:11",199799.229212417,0,1052506.98887173,12737949.7417346,40940.6467883385,0,6769385.93837594,0,0
"PDPT","PDPT 40:11 +2O",823226.335442471,2723194.40643962,5440066.82138541,7135509.5893196,3837460.05042099,2732863.53439336,5789910.09349242,2104872.19937413,1636168.27652792
"PDPT","PDPT 40:2 +2O",51713.5211115056,1352413.9030665,3005240.2409395,110143.199354713,64962.1778515819,49558.1922672776,0,294917.592525285,535651.318293643
"PDPT","PDPT 40:4 +2O",6809159.56016739,79641937.5632345,98408992.2923762,5244302.60929552,79420232.0807003,48581851.8016683,1756510.5820774,42337100.3625484,24499139.326023
"PDPT","PDPT 40:5",1615993.62004194,3134898.32100611,5751924.74745548,6109209.38871185,895510.253978095,707947.931284397,2249794.68736668,1358703.45024167,2610960.97059022
"PDPT","PDPT 42:11",101970.35792537,129733.903569558,1745703.7875483,8273080.45639233,50269.4147445136,262164.065815701,10148566.8585144,0,72882.3081464242
"PDPT","PDPT 42:3 +2O",949960.214242861,14389415.1746698,27878361.5281937,2743034.11497918,26068447.4209894,12344006.6127334,1621927.59175578,16716000.6754445,7435376.52161392
"PDPT","PDPT 42:5",2067014.85884038,7780185.47877815,3421576.68374367,332809.362485361,2722541.4592759,2569643.37373543,201838.800785789,2743273.60412933,1907261.1075548
"PDPT","PDPT 42:7 +2O",285067.834014172,5508066.12292042,5357223.64794121,40849.0542870832,4727977.6078714,2633095.00782604,0,2120170.18223441,1884474.72564816
"PDPT","PDPT 42:9 +3O",1241828.02613904,4800251.24530233,3820038.33687338,670178.463138007,545496.3543674,6723756.06362946,540129.772348692,2835915.51711114,3017586.43630509
"PDPT","PDPT 44:12",933187.390001654,748410.808288673,1313359.24516062,11192307.6962488,82532.2978341056,0,9056068.99336722,0,82970.5278385909
"PDPT","PDPT 44:3 +2O",1468227.66967656,11141027.0776606,19501323.2240236,420192.429466164,12628833.829616,9360343.58401378,341975.310501479,8977715.04359741,6454638.59190857
"PDPT","PDPT 44:4 +4O",7061885.0853216,40786107.3685624,49067294.4994108,20905696.6700769,35872536.4020867,30402978.2168857,16631948.1852608,37180279.5016531,19636250.1553557
"PDPT","PDPT 44:6 +3O",1178393.85452223,5061013.23722003,8226970.48445671,1369947.32104114,6811110.87941839,5177928.89832602,388243.652200868,5884286.12067292,4931653.19163454
"PDPT","PDPT 46:1",4702402.96884955,5173962.31563275,4871643.60867049,3100529.94543095,6277230.8506624,3982430.22358319,1404042.54266249,14345535.8669198,3506873.60656719
"PDPT","PDPT 46:2 +1O",9100084.67649254,23189964.4305474,21522721.4205633,7426053.49807419,7618587.2471602,5502549.06166583,3104713.72926822,13612435.9944069,16007136.6245648
"PDPT","PDPT 48:1 +1O",831056.47865063,366657.751031535,2368371.89079258,4957194.78391255,1391828.51294645,541644.56467181,2488576.48312343,5490069.85322003,466437.57796596
"PDPT","PDPT 48:1 +4O",1431289.60412627,3389571.22559394,10982231.4671904,1405312.68082039,3584458.61383513,4855156.35362502,37546.8552308819,12325959.0410322,2747763.59089302
"PDPT","PDPT 48:2",2667182.26861688,4111187.69003762,3682141.02765221,541390.132803831,1439881.69154397,7165965.60116597,57078.2585690635,12207555.5438247,5356794.2131362
"PDPT","PDPT 48:2 +1O",2163732.91623462,3697612.96126359,5049865.19061508,4030463.78247022,2421916.38392072,1011635.75002136,1798428.82201758,7366090.38815673,1645032.79360399
"PDPT","PDPT 48:8 +1O",0,0,0,0,109656332.12713,12755707.915641,0,23006725.7178106,0
"PE","PE 28:2 +2O",1337124.5168325,1014311.92964472,932114.929442765,784360.72611203,2814713.5863373,3342850.1012213,388061.720413482,12517817.3425694,1094186.22429538
"PE","PE 30:0 +2O",3472446.837952,12783208.9317483,21553856.083042,2898637.9043335,3125941.38229264,6275663.6820802,913976.61055545,8203942.66492645,10015404.5581923
"PE","PE 30:1",261861869.949413,823559837.331892,2026453884.85628,119458978.893518,113854070.494306,278371115.02369,28765934.8907577,372540583.69404,659776868.306935
"PE","PE 30:2 +1O",6450852.52820109,19726795.2326972,20801508.2616703,1394699.95434526,26218953.8451808,8610689.91907177,785440.568907807,13855009.1171111,12129622.8281849
"PE","PE 30:3",1214166.1276607,5338216.1177855,14523744.6872454,1725843.07419911,5978124.18143568,11635968.4403387,500354.944464494,11151285.8906211,3286877.23702366
"PE","PE 30:5",20633.2569240923,55599.6794393017,97214.7662601881,64947.8283142608,21293457.5679765,4022252.0516737,0,12239840.0706946,45609.0007683999
"PE","PE 32:0 +1O",895868.569055945,2052071.43988471,4394277.97637207,15003595.3832819,47689.3112680235,2639648.7101435,31656304.0922459,197122.754551773,699605.817020999
"PE","PE 32:0 +2O",17165322.8786731,74213051.1156689,103160162.088759,38762229.7365581,21181125.2637409,36806861.2337762,14776940.252818,32752828.9834439,47617302.8363836
"PE","PE 32:4 +1O",585465.501029026,3042879.8252602,11741420.5912928,3349747.37401571,4233820.14722257,8503605.72558572,1117328.96789355,5976713.04556179,798543.161997831
"PE","PE 34:0 +1O",755547.37912838,1916846.37775846,6532587.34582671,7431769.0568388,397817.83270936,1392650.22700952,20867403.4656296,703386.504876709,727980.916489675
"PE","PE 34:1",47157500.4454139,148271183.157343,354526888.377298,179632105.273255,116995495.622893,298685110.781738,95499247.3729231,154904864.232524,112725391.548067
"PE","PE 34:1 +2O",4290028.62615264,31357695.1415536,49964080.9579901,59354273.301629,10505466.8981138,25127269.7069955,24386250.095074,15690622.8106404,17195396.4927421
"PE","PE 34:2",152901783.10702,695760223.611079,1913050581.30067,1041557192.82844,592553985.555904,1008002134.4274,649764406.868616,833162924.476698,487510570.140604
"PE","PE 34:3",10927109.5665025,43270227.7517599,97749467.1700293,25119058.7553366,37119197.1062487,76247203.4998649,13916421.6278927,54699657.9930618,29117215.4188774
"PE","PE 34:3 +2O",454801.620667894,482288.613290782,2939023.96968762,2882783.22424258,4306768.73353609,6332678.30031365,844985.641025586,6110679.43770397,344114.88199447
"PE","PE 34:3 +3O",1589264.52892662,5682937.17127567,16654918.3702308,3252175.01436722,4001316.2505489,4097794.74730466,1013103.66923428,3802200.63626013,4658106.8895092
"PE","PE 34:4",8986599.25644387,41462985.8577255,97595275.8579097,32386200.8652358,23282115.4771665,145713169.344008,22141438.6991806,50203409.9094048,28076298.4872402
"PE","PE 34:4 +3O",278462.215059749,354365.353866981,850335.319523086,24106.1557720216,3112132.0152288,13785365.979606,0,16716435.6875799,923876.602441639
"PE","PE 34:5 +1O",3339289.14940344,9344161.42436934,27598654.7380124,7609642.79983599,11557608.1238952,22821198.9356919,4494598.91862122,17493400.2536446,8764977.45260405
"PE","PE 34:9",0,0,0,400864.077003643,26184313.1248603,4642639.19599797,0,14541991.3001266,0
"PE","PE 36:0 +1O",1158102.24635927,4288375.05315668,11603120.7383305,3395290.33004577,2102106.86843898,9227914.15664834,97609.5632685928,5925000.27862432,1501912.87825733
"PE","PE 36:1",14699419.6518324,83746473.5412133,67622474.1940222,16130111.4274443,13125844.9651783,37472501.1685089,1597723.44536676,30863971.2824206,24723844.4740867
"PE","PE 36:1 +2O",4922194.51543157,18757826.5012764,39772210.721328,35896316.2891899,13800147.6559548,14430330.4042479,23786841.3812797,11790015.6770852,10818302.5085594
"PE","PE 36:10",52088.5467665714,0,41072.1642433704,0,21937711.0472547,5563200.67350409,0,17766901.1513651,0
"PE","PE 36:2",27554560.0980359,112447256.564262,353217097.456155,93059225.7088092,79581366.9731073,273066322.34216,41028504.4566917,115193918.151285,81711353.067605
"PE","PE 36:2 +2O",1168878.03624189,3361730.64148428,7152686.18962746,8091539.65501796,2575362.30245159,2450795.30799304,5845819.39735193,2580601.89576217,2612896.18974317
"PE","PE 36:3 +2O",1185967.35725787,2193284.86304875,4959917.23586058,5939549.28893003,3996280.22866764,1259562.3773723,1481479.22274943,2324013.68833558,726434.32183921
"PE","PE 36:3 +3O",1843096.59223477,6047698.99337286,11785081.6278088,8070627.74683116,6882992.20583273,7205119.18963722,3792276.06446128,7676234.00271607,3457770.22775375
"PE","PE 36:3 +4O",2130157.20074824,7699544.06621246,14016547.7759912,10383438.8187006,6514990.91799909,5240435.46942374,5043270.86415965,3716354.09333288,4575325.28866277
"PE","PE 36:4 +2O",1359081.50010221,7313734.68950717,12399597.7365903,5009674.19490669,2586203.59807452,6909920.12900516,2268777.30732067,4025670.82321039,6719649.16929957
"PE","PE 36:5 +3O",0,25434.360148662,17600.0610768354,55950.896292283,5178612.84690341,23522369.6085084,0,30592451.1640563,0
"PE","PE 36:7",1621973.91214412,9155803.75203574,30837988.039433,5860871.14393455,7679286.60294866,22444260.1733187,2449169.55934722,6583469.54565329,6880181.54432749
"PE","PE 36:8",791836.446877463,4219651.73589599,9391935.77547483,5135304.16764843,2959088.45552544,5716969.89307597,4286569.24750613,3650266.03680086,3020480.72641545
"PE","PE 38:0 +4O",2458673.39983704,17190284.8387395,2856071.77919638,2628810.9692073,35994466.8036451,9274247.23419965,264115.986849824,6943103.00197506,5858592.98484887
"PE","PE 38:1 +2O",9922403.74972246,23667703.2836527,91288324.7352491,38634046.1838654,15519604.3498441,35795932.8745015,9521795.66723108,11286271.0894992,20458449.0702448
"PE","PE 38:2 +4O",908594.695161884,4803796.27570814,1616220.29075247,1166804.49981909,83300.1847098615,0,61767.6207519781,0,905832.673134365
"PE","PE 38:3",1451022.69601217,4865556.49581994,6257020.23087998,2399059.80819356,1641866.75077504,21482492.4027435,672160.448564547,3932510.3775318,2461641.11927694
"PE","PE 38:4 +1O",9115777.26994463,27852084.8221903,35706747.4310335,11059277.5181611,3681210.49983734,156453224.518926,7477846.82654256,17551590.1145234,12795652.655332
"PE","PE 38:4 +2O",1612600.17066555,6109235.45103024,6142774.93476095,7694572.4691046,2261015.08835441,570223.021699675,1378499.43623654,1776594.83063525,2614766.987848
"PE","PE 38:4 +3O",3533535.45445129,16849790.4665185,37009458.9260225,14673423.6801713,11171754.602925,15760294.8540083,5803642.85009984,4788694.64730137,8374938.25922239
"PE","PE 38:6",506510741.168928,2343440792.44008,2748714117.92804,775787377.40255,399852565.338711,4757543841.64238,534485439.155047,1426680107.6396,1131565681.91062
"PE","PE 38:6 +3O",0,41541.2899340313,20950.7605721995,18634.3598086907,996961.130884558,8132698.15376019,0,10901229.7414693,0
"PE","PE 38:6 +4O",448040.030248074,1664928.59256899,5559721.44435975,3736662.33390005,989929.857933413,2187392.5108216,4140929.79708127,2003513.92380728,1427917.26100482
"PE","PE 38:7",17453994.3256953,68528673.7433235,118331924.661825,48378113.1817062,15728468.0165943,112749774.180248,32369580.6569707,40040377.5838608,87354010.1581623
"PE","PE 38:8",2214726.20218021,6794242.56451257,11789008.9647423,7694724.19374028,612955.54538894,23371460.1248183,3429750.63211282,2406471.66227906,9671793.16559475
"PE","PE 38:9 +1O",174070.090219994,497778.84265471,2571973.46932551,3100872.98406744,1326705.94466245,2205698.83724379,0,2523871.77489345,194253.319900131
"PE","PE 40:0 +1O",854581.669304301,5186090.87984207,11000704.3477063,10626595.3577803,430193.343644845,4719717.69031943,3696827.66871856,3735209.09843836,4788628.4855804
"PE","PE 40:1",8372607.66655264,11248764.0297846,22522367.7379572,6379760.00374537,1452631.52293682,2267064.42446862,2777765.53519198,5898061.77233159,6721044.77719614
"PE","PE 40:11 +2O",1256866.46587696,5281569.35500497,4407389.91864996,2126034.40422958,0,250375.177724054,940710.517831411,0,1372753.72716392
"PE","PE 40:2",20796912.6789111,71048701.8468769,177170852.058075,104516627.725375,58221191.960869,143071502.13512,43593599.3064237,72018214.3993351,60550059.6940035
"PE","PE 40:3",2324280.08796102,12261174.1772075,28003038.6066341,7566965.72709146,7556827.51076004,41653502.7440893,1530236.66925608,15477810.799613,9645472.35962507
"PE","PE 40:4 +1O",2948273.9368952,5760822.89075263,6761097.4654234,6839306.2759721,2152025.49443409,112373710.609233,6663647.82658894,2569320.62590767,1692701.03478019
"PE","PE 40:4 +2O",2630811.98041034,10710591.0507358,18377503.817531,1467052.91225202,4623984.75059909,12120681.4143122,446753.372908929,7598188.04778048,7401524.49444282
"PE","PE 40:4 +3O",1596508.01905907,2754613.28848469,4519239.63170792,594086.548360834,1643057.1995584,3407740.16881854,214051.569710179,1670671.45902581,2160782.25847034
"PE","PE 40:5",5454695.03904759,26555156.2311382,32127853.5475925,8070718.73078468,7187063.78395876,416483512.469022,1703133.97089716,29831639.5112429,16805169.9410047
"PE","PE 40:5 +2O",4985616.46722455,9066588.56588891,18255400.1553969,16041886.0173446,4176084.84817808,5946149.42711418,4617326.60032399,1331250.20516668,4310701.64408248
"PE","PE 40:6 +2O",668987.785920959,2783173.65320222,3262569.8362629,2449235.22846574,1889980.61064198,15121288.5840011,941635.162408952,2354935.13143436,2393150.40018988
"PE","PE 40:7 +2O",774180.975930439,0,32353.2929315956,0,33637042.5732863,22831824.3960999,0,153880784.579941,68229.9542971
"PE","PE 40:8 +1O",587246.501528459,417273.292311853,1133003.91420753,1152748.36411499,384400.925050573,744168.419948077,409621.618860048,2468647.1957669,8327175.6990175
"PE","PE 40:9 +1O",3212380.94654624,12716007.8643974,15921482.462511,2586670.60287636,1110261.47273258,20653457.1693366,728570.835964663,3498407.30906812,9842092.39486505
"PE","PE 42:1",1177364.96275475,1594768.73250858,5372469.47906365,5152090.12881476,304797.846586955,34199.1868082641,1689114.75955514,397926.164844546,1989791.07520763
"PE","PE 42:10 +1O",2345067.54628915,7718129.48750371,8036230.825092,3312620.39924927,1425544.5326527,59223632.4662173,1959915.86225576,5097797.50363088,6280856.84797922
"PE","PE 42:11",28293079.5100026,144185016.900409,191394625.513294,111373183.054004,48933515.2267852,339737892.247305,54818432.0646227,114689922.148251,89171564.927778
"PE","PE 42:11 +2O",586856.942408627,1418543.02193533,2947867.88403178,1918816.09479987,1018502.14966417,959140.285465697,94089.5115508019,649610.622808423,1565196.85185072
"PE","PE 42:2",1747964.40480184,2527722.5540049,5388707.44799191,5125066.76321576,524113.250553655,60247.6239717569,2110741.93996254,855567.255356984,1772998.19829158
"PE","PE 42:5 +4O",1284537.25083274,3753488.26987442,2445123.42357161,584945.050855675,1417914.49487999,9277122.41198218,352020.114149383,2314166.04562993,2384400.96758373
"PE","PE 42:6",27276274.0667277,74933915.2535253,83363075.7900656,50748686.9896991,12593817.1612955,272186275.970051,27030183.4231637,65082842.322036,70104486.1906181
"PE","PE 42:6 +2O",2421421.8527128,4354019.24113309,8499576.03600236,10443364.4919208,1549817.40270493,6124024.50872153,3853267.51065878,819805.441431234,4162752.27090045
"PE","PE 42:7 +1O",741554.847437999,3751166.24935382,694870.71432636,0,2049154.87166279,27957818.0931005,0,7140622.51566653,1527929.03041303
"PE","PE 42:8",3034083.37136821,11178246.2064669,11248747.4073826,4658745.59048889,1477649.00938234,27984705.0091575,4094330.17071639,7206982.93664404,9103751.85307316
"PE","PE 42:8 +1O",2416056.94555754,14503030.5178528,12489221.766849,1239735.37832613,5862055.94622507,4736137.49560418,343571.220569086,6743069.40379323,10387977.5177241
"PE","PE 42:9 +1O",4235270.44599806,12121606.2352611,11659691.7208144,5446345.68410227,2218504.53507352,41884324.3878669,2540833.26204656,14604044.4837176,52246961.207772
"PE","PE 44:10",9286648.90290421,45158156.9061681,50885235.8117729,5855607.00520928,5978573.71402053,264865810.295912,3394815.87498994,47408748.8987891,26235451.221799
"PE","PE 44:11 +1O",3230034.43821818,7051017.910537,3596038.26337577,3323841.47578627,6792630.09336069,8851409.7302388,2472423.5364846,3163231.37364027,3541395.37723717
"PE","PE 44:12",33067846.5092544,111344688.969125,148460274.082607,106956142.795923,26043807.0320151,107033961.632927,39369877.6312337,59387660.1557865,57507356.1392106
"PE","PE 44:12 +2O",804553.507252011,3172747.553714,4476676.60137012,1713752.05407664,6536936.35371245,3923675.78328275,1953950.25311767,6270824.84391002,1687966.70064315
"PE","PE 44:5",1319898.69516385,4599803.64900986,5436082.48554527,3034163.98937287,2507115.32389254,108722912.88429,449935.171752917,6939026.49294523,1967242.69023577
"PE","PE 44:5 +1O",400239.916763466,3099030.64739289,2900430.64919297,2429125.67649044,2055742.04801962,2883533.62157004,675101.578288523,2576789.07632147,1843579.93182186
"PE","PE 44:6",1635823.33147091,6265286.764051,7648858.88294128,2964194.71207021,5274994.1639011,31918928.2565385,901144.567200931,8175580.83229407,2915388.49382157
"PE","PE 44:7",2502819.60452272,5586614.92399803,8048655.11880246,6549063.99868747,1045187.43552561,34855006.5741103,4022456.29304546,6560282.18811557,5191892.4941601
"PE","PE 44:7 +2O",6046261.57291151,8914642.69165692,25852419.4848369,48506437.1594707,9702051.10629689,2216792.66004706,16999749.8512078,3199824.52587804,5338248.10041087
"PE","PE 44:8",10445575.8964054,57035439.4996832,49249581.8233691,9706345.33519342,4669842.66076883,61032409.4741833,4262297.89445525,17253239.3131046,15868330.6926135
"PE","PE 44:9",2353469.57418303,7110902.12323946,9384032.78198245,5063079.34643909,1146427.8634849,32534397.8689877,2690499.97179804,6065050.0325331,6146899.50206651
"PE","PE 46:3 +3O",2701477.27853758,3912500.99545689,3080454.72917426,5471300.01541684,391989.269724148,786317.070853809,2139698.93652509,3863561.91850881,4891017.80427262
"PE","PE 46:4 +3O",1432736.72892439,1944994.28597316,1465385.50842011,5082349.39007342,83203.9902147537,369716.809804443,1130080.96880307,1326190.33272942,2782088.75641206
"PE","PE 46:5 +2O",1160797.61616055,5199627.73790632,4681374.26978188,3797586.88743044,2941352.34324253,4275859.76334732,1425390.4993931,3877108.89695432,3341343.43525806
"PE","PE 46:6",3455652.83220677,15100805.8195784,5588900.07202671,864080.988906932,0,97964678.9804196,111996.596810761,17245471.9310578,14973212.1906974
"PE","PE 46:7",1694749.69034883,12504260.2402667,10978315.8497081,1078213.87316499,42766.1334893689,481198305.646799,407239.765226879,2859153.16482485,3499017.99877461
"PE","PE 48:0 +1O",11543406.0721857,23861122.6929332,32108448.0115996,7340157.87017284,19120611.39056,73613386.4616795,5076602.2814192,50489248.4035369,15647885.8084961
"PE","PE 48:1 +3O",86292.9813812669,3474799.08741574,4587539.50294404,1022116.48304397,1727371.99448702,2254145.74228673,1306869.62362395,6390187.94584413,8988857.32654496
"PE","PE 48:2 +3O",2037340.46217368,5562895.9473042,7170514.57815447,1904696.79000135,1077902.70499011,2892644.90591658,593826.281895134,6536755.70139707,6592027.12325488
"PE","PE 48:3 +3O",518433.826042924,3703710.72569972,6496407.56334788,289790.456611518,1040558.8295337,2385564.23727361,722206.35718773,2709207.74367913,3352833.40146108
"PE","PE 50:0 +1O",3620052.88826187,7447911.72187936,12038473.0514298,2335355.56053029,9303435.44715229,24729288.5562523,1646541.64504514,16293207.0182682,5829616.17845476
"PE","PE 50:1 +1O",11493848.8911792,29315245.4426392,41389350.5603867,6031081.27888522,20206776.5881754,90493351.3905445,5049069.63909396,70043667.3321102,17305325.0045847
"PE","PE 50:3 +3O",4615812.8360711,16685690.153773,41389914.517671,5465453.60209254,8460321.41044254,21678286.3042072,768957.56250095,9296060.8151233,13567237.645708
"PE","PE 52:0 +1O",1771378.21778115,3265419.8815645,5513592.76884484,912597.171471948,2292670.09763189,9274212.10271684,503837.560346651,5419751.56753317,1853080.96399705
"PE","PE 52:2 +1O",4359473.8829638,10230103.5727299,15018428.9228469,4296925.83802072,11797907.5797056,32921282.138065,3519359.64288704,22170630.1219945,7830132.11212327
"PG","PG 30:0 +1O",51374852.3366348,107609938.732434,44304191.261377,980587.42821851,43890947.3439181,31412740.4823168,138943.584190534,60353809.3437641,25101887.8915236
"PG","PG 32:0",17399947.4233572,58301215.6320866,68795915.7321475,29456149.2262345,42420641.4901807,50019832.2959696,15172324.5465574,70104398.8596436,31187848.5623146
"PG","PG 32:0 +1O",33376454.9263236,48785367.8622122,19199473.9127908,509090.728831886,62934671.5025314,45336213.3701508,0,78201626.5439222,14162985.6872335
"PG","PG 32:0 +2O",3529300.49513469,3535894.66693957,6829558.88270998,7077594.30407464,10467915.5677602,16025238.5753511,1830185.41109067,2898369.65486132,1931984.86958856
"PG","PG 32:6 +4O",149537.248516904,777392.852327192,2450278.33355218,1143488.05373387,595222.207314885,569620.099420977,836307.715563758,482462.683476889,676110.45037509
"PG","PG 32:7 +4O",0,352696.809787706,1852420.06330053,1021716.75116756,871835.771598963,66614.8106240553,1221065.89886624,157016.915568584,0
"PG","PG 34:7 +4O",127370.471979852,1341330.58129721,3168819.6755932,2576477.06796802,680735.476081117,1054353.12615607,1768027.32416489,912973.896063375,930302.831648247
"PG","PG 36:0 +2O",7650383.38798429,10022002.3363319,22380762.9165064,33188182.7245122,22556364.9433139,1721438.28270408,12845766.9451466,4411263.22467263,5709520.51242045
"PG","PG 36:5 +3O",0,141619.226724599,37862.3102948546,21487.4823490658,29590830.4063733,9717470.72320734,0,9051184.67180497,0
"PG","PG 40:0 +2O",5388839.12984523,8457981.91189602,5679171.19519898,683432.468605053,5298956.23407236,9054323.53319109,38090.6225607744,17726013.9810339,6353961.16916059
"PG","PG 40:6 +3O",2687496.17530777,8656887.8284409,7867882.6444427,4438578.45462025,1116129.1458456,7503783.61198369,2485803.25945878,4051399.43778201,5371998.22112514
"PG","PG 42:0 +2O",6005153.56884548,10865021.5780709,5462764.88228398,1459805.32363244,2862844.32100821,10541426.2228442,380499.382519551,13646930.339822,7458386.66219781
"PG","PG 42:2 +3O",612557.406750795,1278322.47043847,1018397.75410006,760286.81932655,1149476.48851662,877251.310803055,676198.50039489,958014.990178631,1048544.26597913
"PG","PG 44:0 +2O",4152680.90842113,9466978.5460471,3718495.84850584,895884.246680886,1763860.18747416,9875044.08983457,375188.320248112,7884520.70782539,5448148.46449597
"PG","PG 44:1 +4O",0,429420.57864022,0,147689.696252179,379716082.435559,47936154.8480503,0,93793900.4466041,0
"PG","PG 48:0 +4O",6244475.67867614,16189350.7354259,16667227.9132229,17035452.1022724,12257122.1509068,7318810.34587452,5052778.12265682,15250470.6993163,7617528.31724125
"PG","PG 48:5 +4O",2842143.60120706,3374829.49893457,7984902.78517495,4928276.30434121,37788270.0373965,19070334.8407466,1936721.96654679,18539686.3215294,1715013.95875212
"PG","PG 48:7 +4O",2291059.24496075,2034452.59685188,13418536.0619196,2859939.11184565,20710040.1869416,5995170.17560775,855303.877992194,2708870.32466546,520041.562040364
"S_DGCC","S_DGCC 26:1 +4O",2750046.80079908,5130744.04519752,6471463.95211522,3957730.35718966,1057338.64428622,6569751.20573598,1481196.03285707,355707.520812466,907560.852642323
"S_DGCC","S_DGCC 28:7 +4O",2728689.49667531,8597683.77579733,10251483.1394918,110649.495890891,8523565.16603332,1894958.77163044,0,4056452.36316899,6467502.55102481
"S_DGCC","S_DGCC 30:3 +1O",1152005.96329843,19909499.4997055,3830488.62888358,2015192.86929397,4001750.48237147,2349413.81476756,4781148.55285881,2568531.17987315,726847.148355397
"S_DGCC","S_DGCC 30:5",2653948.65018444,11949746.6863052,11245671.7351347,6919840.21843065,15311119.0671169,7566721.56406613,5334318.21898193,7777081.63748394,4583567.37606671
"S_DGCC","S_DGCC 32:3",5588643.19371764,7993561.42585348,26335064.3608926,36877584.9713684,4483912.23888813,99848991.34208,26906446.8653607,465770.377194028,6507176.31366604
"S_DGCC","S_DGCC 32:6",1309724.39931805,2269922.06595677,2317442.27262081,1130879.53386529,122799231.936379,27393627.7584893,84731.8443746797,46013466.0672559,511883.85969024
"S_DGCC","S_DGCC 32:8 +3O",1758613.22536319,4089838.3744295,4210064.70835487,918265.636280935,50652.0714478089,219326.855058146,127241.133520625,625708.36792199,3991702.82769434
"S_DGCC","S_DGCC 34:4 +3O",391019.81073307,3272591.47049414,3259688.15105917,2205019.06832097,347318.425053265,6238467.96390194,1076736.16666561,2436222.27831358,1581932.28931363
"S_DGCC","S_DGCC 34:5",1511248.22730712,5311992.5540061,3614048.2196417,2947774.58137685,1350011.53287078,2225559.99275315,399049.423105869,1702915.39778642,1433988.80918164
"S_DGCC","S_DGCC 34:5 +2O",0,0,0,0,8431823.2883123,3481405.98568719,0,16300426.9396187,19147.1061700376
"S_DGCC","S_DGCC 34:6 +2O",299151.756467485,636880.066394605,694863.330869366,974536.017512998,19660303.5428676,6470928.70766975,273284.817210658,23966503.4444475,160409.09553557
"S_DGCC","S_DGCC 34:7",2725667.43943777,7156854.12166376,11016552.5062565,5126477.67156858,18809996.7528275,6740862.98350121,2250586.0987949,9460769.31938715,370808.943770261
"S_DGCC","S_DGCC 36:3 +2O",444046.65041101,75127.549130546,49565.6702559431,0,12647194.3929211,17536546.2266317,0,64320871.3022147,179728.280186418
"S_DGCC","S_DGCC 36:3 +3O",0,0,0,0,102708295.845055,5094413.79977584,0,15292431.8874284,0
"S_DGCC","S_DGCC 36:6",1249795.65463945,267668.674148709,2355622.80704378,11220533.8488455,450964.474469385,43056710.9857843,11721902.6271821,28763.5093249709,104097.520987066
"S_DGCC","S_DGCC 36:6 +4O",0,0,49589.4592139594,0,5141059.70402223,5332628.08126472,0,16271646.6197381,0
"S_DGCC","S_DGCC 36:7 +4O",552338.943259109,83753.8035028998,37075.3583863836,15171.0481236875,32637741.2434555,35073056.7304891,0,51650688.832478,32048.9067947317
"S_DGCC","S_DGCC 36:8 +1O",26150.2614937153,25418.8883125389,43897.6410300251,20854.5903432229,6773429.83552814,24475223.3080842,22443.2862691713,37148438.9892035,0
"S_DGCC","S_DGCC 36:8 +3O",193364.924353867,185010.234053871,160447.510807989,43082.8551905822,2712302.82131233,43120858.6528747,0,46691866.6095762,141192.342920511
"S_DGCC","S_DGCC 36:8 +4O",423440.813451471,141551.66758709,13022.3459221843,0,1123380.40162777,27931930.3103332,0,28034285.3555827,0
"S_DGCC","S_DGCC 38:4",1967747.67748534,7034750.98146102,5490598.36437121,6443133.91451206,5372202.03053308,6587445.87640655,2142820.10567957,6754324.07169307,4919950.55273858
"S_DGCC","S_DGCC 38:5 +1O",2481138.08740378,2946542.18511686,4883437.39609994,19352441.8671365,1491040.04786534,1221955.93344992,16400609.1508968,2403377.84314928,2553750.33404046
"S_DGCC","S_DGCC 38:8",472642.906725725,895010.114649093,4430769.37232469,6044092.46357324,5236395.82490041,851427.301615937,5234095.10837476,1546194.83767937,523089.891301526
"S_DGCC","S_DGCC 40:0 +1O",2245423.36504581,1945533.9839064,18067463.9583873,21659651.224385,4145959.75916244,13236413.570974,11059264.7059872,12749653.623764,6917244.80480598
"S_DGCC","S_DGCC 40:10 +4O",422140.811810081,1669345.77251899,3947810.18413906,1378490.37718357,1368514.92533857,1403970.8814725,561255.699017838,1110020.88753616,1247197.85524436
"S_DGCC","S_DGCC 40:4 +1O",2534850.47851919,8719824.7637777,7541402.79663901,6958629.38588708,6222544.85303417,8641039.63242547,2422090.93854071,8125595.08269464,5692572.74795335
"S_DGCC","S_DGCC 40:5 +2O",1197482.93095212,19166372.7506174,15414155.2540926,549602.677599367,2804473.92192113,3698823.56532698,0,6274173.34429818,11322928.5523315
"S_DGCC","S_DGCC 40:7",1846113.09918086,5244700.59677339,4910522.38182103,4942502.04635492,4512506.36949187,3954400.6374575,2026818.87561915,2340286.97333332,2901417.8086716
"S_DGCC","S_DGCC 40:8 +4O",4551678.36742725,18498243.1916244,20916369.6079407,221611.887773364,5604623.25779647,6226619.31551718,76247.0790636457,14329305.7331608,12353975.1847111
"S_DGCC","S_DGCC 42:0 +4O",14826451.9968743,29133322.4626703,39267384.5263065,6617811.3067686,36741671.2369833,89984074.7529355,1389164.9380324,80456876.4072001,27938420.5646376
"S_DGCC","S_DGCC 42:1 +1O",780585.226160084,2715145.32390182,6584784.07042478,6982653.09180582,2464669.60316032,2606405.79044124,5989186.81646181,3681094.05075883,2988119.06967739
"S_DGCC","S_DGCC 42:4 +2O",2169809.82411814,10864318.0141056,9659215.90797872,8299422.10053969,7886160.2469113,9838888.01535629,3726709.40248935,9885754.58490321,6969028.23918577
"S_DGCC","S_DGCC 42:4 +3O",1046976.41184,3569140.72361185,3274389.29543212,2823550.36987663,2580974.19647455,3970263.87240949,1058277.5910667,4170608.69788704,3267512.45759294
"S_DGCC","S_DGCC 42:7 +4O",685712.488701479,10013515.248612,18895833.3090366,642421.296477703,5386117.56902316,5626650.09520865,644469.449331795,4502885.1675984,4504362.75609109
"S_DGCC","S_DGCC 42:9 +2O",0,0,51541.9685982563,0,15392701.1598284,2587779.50074421,0,17436475.0279228,0
"S_DGCC","S_DGCC 44:0 +1O",12063576.9768233,31086537.6690768,27384619.9438703,8486710.23373103,10332017.5043813,82521315.3124649,3799469.27894522,52534406.7714978,26660223.7983605
"S_DGCC","S_DGCC 44:0 +4O",9475749.97376381,23044142.269528,22138849.5129293,12174421.8362284,12568298.695329,26601757.7668303,4139752.73030829,23223396.9021078,14303268.546051
"S_DGCC","S_DGCC 44:1 +1O",5752344.20604622,13361846.2007332,11512294.0662784,4102806.46889091,5146339.26758842,28467946.3987785,2109861.67932561,18648579.4007091,10643778.2681778
"S_DGCC","S_DGCC 44:1 +4O",6644843.1506864,9214206.28470231,9527347.98915286,9471528.83014724,8552001.00136276,9680168.31368075,4941367.76325311,20794171.7939449,7020520.45713699
"S_DGCC","S_DGCC 44:3 +1O",16520818.9206509,33513339.6539457,36438692.8871109,6447276.61345478,18556823.6052061,87068859.8646821,2369168.95800243,65351785.8652384,31821978.9374122
"S_DGCC","S_DGCC 44:4 +3O",2322963.78607443,10581688.3395559,9941739.5328836,9343550.79038556,7535874.95042294,8410963.99486496,3611482.08924704,10011509.4754013,7039809.41279708
"S_DGCC","S_DGCC 44:4 +4O",1306629.30622283,3558978.34848983,4146453.8616761,4247076.69547227,3131945.20942827,4149650.16980262,934829.237502534,4153076.34501243,3240058.85931191
"S_DGCC","S_DGCC 44:5 +1O",1452104.93953637,4732804.75423693,5736749.78816056,1121029.34751149,5368793.69558459,15138938.4995908,257228.982590795,10788993.6805436,3947638.77729412
"S_DGCC","S_DGCC 46:0 +4O",5121576.2086183,13683039.2030351,15374243.2279257,4793199.50359006,12060650.8159447,18752128.4854138,1576236.9069891,21403516.832416,11263098.6195213
"S_DGCC","S_DGCC 46:1 +4O",19991491.1806839,64515740.4859269,58259916.2212766,11092716.3598935,39099555.0271174,92617286.8473439,3166127.47460618,92905847.1946357,56936209.3488986
"S_DGCC","S_DGCC 46:4 +1O",7447408.69228526,29115857.7627392,29938660.8025485,5804309.3958739,12746772.6677597,57867850.1386206,2489852.38261439,41603907.0709427,27317345.5795686
"S_DGCC","S_DGCC 46:4 +4O",3472681.91844532,11204426.7564478,10834534.3915825,9230700.03979143,7970930.55183127,11300292.2939991,3685141.62159416,11062138.2929281,9679189.30237937
"S_DGCC","S_DGCC 48:1 +1O",4140723.01765664,10847792.6329799,10537295.6796002,5979101.96969601,7343687.75719427,8001365.34024377,4025472.79484632,12189422.1175887,4203701.87258928
"S_DGCC","S_DGCC 48:1 +4O",3408029.74128447,11386667.0103782,14492166.1100669,3884412.44106925,9472405.41011881,19181621.428588,1739484.71624344,18494468.1778576,11683544.95533
"S_DGCC","S_DGCC 48:2 +1O",8038538.66099517,19069087.7928889,21088598.6700098,5419001.25334255,7604419.35199225,5545221.92586117,2871879.91441926,13311362.5262727,11667954.5704274
"S_DGCC","S_DGCC 48:2 +4O",9353171.10411896,27277505.0694785,27624284.8485932,12601888.9479962,21770684.0342917,28860974.6189904,3821737.30346436,33346438.1003025,23862991.7014543
"S_DGCC","S_DGCC 48:6 +1O",0,0,0,0,146187421.264702,12997403.9412256,0,40539609.151946,0
"S_DGCC","S_DGCC 48:7 +1O",0,0,0,49014.4373806615,234138075.404961,29188650.4389374,0,59717552.1049617,0
"S_DGCC","S_DGCC 50:4 +2O",7214128.97517374,23337314.3740977,20323192.2509317,4408988.10814796,5551588.20577817,23475676.6132298,3645677.89755365,25117520.1253237,11250660.0329137
"S_DGCC","S_DGCC 52:4 +4O",112880.663266084,764202.843302063,937786.188055962,1087285.11280629,97001224.0717456,19751572.4484461,226224.294062739,63296053.8868729,592838.406766985
"SQDG","SQDG 28:0",449826547.457581,1089859502.59768,1308234143.04067,281521332.085325,138624316.302103,156144193.189587,77024956.9873508,279286259.415036,1000120940.42343
"SQDG","SQDG 28:0 +1O",1313234.71515601,6938244.03614327,9923313.52410151,4298535.65428409,1321991.33977306,7885309.99095121,2942035.54595141,3738299.16013259,3881190.86596983
"SQDG","SQDG 28:2 +1O",364969.616239713,1886972.40414706,7347663.78348271,812778.113569096,668681.802636367,1982374.33372311,615734.753544425,1506631.30140996,962786.685810899
"SQDG","SQDG 30:0",73003817.3681694,136791161.969484,112915848.387429,222979270.409109,50464446.8001329,43764694.6641498,42475323.3829778,97668059.9724314,101136662.790233
"SQDG","SQDG 30:2 +1O",726478.65882989,3070872.68498636,2832837.13749601,3229938.07666158,645118.598689418,3268329.69306037,1170331.73580062,1799880.93609069,2237698.32158839
"SQDG","SQDG 30:3",5322245.48251042,12747802.0956199,11303961.753801,2339514.60898961,12023902.3446693,10182723.3671458,480116.604075218,21183074.0502926,8132847.80479073
"SQDG","SQDG 30:3 +1O",1336204.48805404,6806509.60669015,6637310.13061134,5196843.96732097,1502025.02024594,1517917.36849323,1410071.64027642,1532374.52726954,3900111.62038007
"SQDG","SQDG 32:0 +1O",75355807.6824752,205662262.175085,191395183.727389,74824894.8373667,56157955.3134706,525376885.696314,53829965.5166691,218547704.579514,146568245.469533
"SQDG","SQDG 32:1",85218234.2914416,252166985.799536,316867927.251793,174305610.364761,51427048.6361763,31343400.2710196,39453529.5644413,79568004.0976743,219037959.561652
"SQDG","SQDG 32:2",16299421.7929126,54283851.1723407,84186330.9783883,185261263.844987,40634527.9547709,18456627.9305621,27922557.4345931,29053243.4305549,45821828.8921025
"SQDG","SQDG 32:2 +1O",1771840.06989843,7542881.11298145,9197441.71322288,5078228.26224653,3277717.97929298,7900893.72731345,1671288.74453688,9696613.42395485,1434462.77431199
"SQDG","SQDG 32:2 +3O",2135446.79724432,8667147.07582746,6900842.50035575,1465464.801766,447298.015795729,129536140.628544,939210.814861939,3462448.63275893,6788379.62547607
"SQDG","SQDG 32:3 +2O",1077005.46100925,4509819.68597838,6049091.6696776,53538.7349639214,1670195.85999384,1704096.32524342,49807.3470711974,3274993.56963706,3038152.03960467
"SQDG","SQDG 34:1",24021283.5671162,28497585.5792785,30826882.0745538,22932616.7897392,19810211.7506948,8116123.92857317,12841291.8117695,35887638.9653889,34013749.6207957
"SQDG","SQDG 34:1 +1O",6178912.35318783,25620543.5413002,19096935.7204261,7923687.01013814,3145647.05741913,131495012.551738,5659368.86501008,15851630.3505578,13875522.7939947
"SQDG","SQDG 34:1 +3O",2550806.10207368,22180740.8407539,13575870.5802706,6403667.27544066,18841238.3850649,15991889.8243366,978691.230790596,8620981.08681832,4693230.96768364
"SQDG","SQDG 34:2",3465883.05777681,8368842.00967271,8520971.36017888,15732418.8035108,3732328.52284337,1109175.61008721,6202872.00019412,2403894.87336539,4787179.75658797
"SQDG","SQDG 34:2 +2O",2602227.36955576,18960113.5419036,10826686.8833043,959610.266206868,29734785.4340431,15182932.4690377,620669.563823841,11145958.7760456,2391689.56852414
"SQDG","SQDG 34:2 +3O",9379366.73413985,39303201.4662868,26483468.3818607,2649704.3807566,2823813.37894976,161319272.062269,980221.119675203,34146462.2812972,26101007.6469339
"SQDG","SQDG 34:3",7150796.60297537,19641420.1979887,22290892.9546653,54832747.9777098,8896080.45123621,2270261.86806846,16635631.3268728,5494947.78902807,8141342.79802675
"SQDG","SQDG 34:3 +3O",2039141.42067681,6620369.21867566,4886504.20242733,2977743.4671784,561611.617791865,33500089.2233986,2478173.13283293,5847381.74811607,3899875.37737124
"SQDG","SQDG 34:4",20384513.0880418,36589283.6087711,102963570.582011,101873066.308451,53852402.0925825,19455510.7348759,30353286.8494395,29255873.1050264,22616621.5944465
"SQDG","SQDG 34:8",600354.079817597,3163047.82317647,2999871.70024822,1087199.10477933,288102.260761036,3060219.38676877,985981.350112609,1663024.15988747,1482093.43517111
"SQDG","SQDG 36:0 +1O",4217265.23265469,15163023.3590923,5349940.26519619,2029940.98680545,339778.846376289,183767345.55824,166476.611627691,29107419.1205886,13401284.9833202
"SQDG","SQDG 36:1",8969526.32297753,23801049.7087027,18386581.1353134,1850914.87707825,3155675.95857765,4403741.62634962,196412.056893793,12671020.6391444,17115419.1696243
"SQDG","SQDG 36:2",2490517.56225807,7756464.04556694,11829789.0194702,1653951.09216985,1732862.15230775,1462677.76690447,533340.370803603,3997359.45135858,3504614.57564631
"SQDG","SQDG 36:3",900947.652395713,1220081.92029112,1464834.18981448,2186120.11608315,224552.754840512,1089800.42679574,1530731.39132453,672990.817173883,815679.444870695
"SQDG","SQDG 36:3 +3O",2789443.22552603,16772570.0907206,6857821.23261024,6517475.0177214,3149075.75570117,43641508.1972769,4560404.27337485,13037918.5416985,10472341.3383641
"SQDG","SQDG 36:5",7015478.23927324,29396603.7239354,35738080.8588063,16718973.4237902,16427473.4122789,11184891.5953425,8998922.6127904,24227746.3602567,18350586.5855549
"SQDG","SQDG 36:7",13066309.5758934,51804238.4822507,87708801.9170256,137552335.711371,29769904.9604446,13120489.6349298,62722568.6485531,15086729.0916782,34656179.4685897
"SQDG","SQDG 36:7 +3O",1848086.33450063,14033047.6267799,8920664.22570067,5493033.83857512,1398229.41368259,7675989.35146703,4762942.45694139,5435336.85345219,3813555.53165585
"SQDG","SQDG 36:9 +2O",1723746.07126474,979172.566084321,846141.206901411,0,34150027.6556956,31212825.5674592,0,69242081.5305566,395184.053984389
"SQDG","SQDG 38:0",168829023.378832,492375054.357125,231438552.321193,5331840.51510393,5719612.23950883,3513935.63283516,378588.4176792,12871701.1830238,308400215.17311
"SQDG","SQDG 38:10 +3O",339096.291318091,4781333.52028651,1928040.60059728,1546966.09615229,309754.660597885,2287705.83350886,1508109.24379444,690809.190749021,932129.105600744
"SQDG","SQDG 38:2",8069416.12395675,26420767.5984165,32548411.4913257,2252872.46763146,1494707.91778411,2490492.06090344,242331.33932121,4698225.5301262,18935505.8124908
"SQDG","SQDG 38:4 +3O",873125.551218229,1708370.22691975,2111876.57786513,4533669.51309432,2765138.16973039,1639832.73750575,3053292.7583209,2103149.84752864,1263636.0252361
"SQDG","SQDG 38:7 +3O",1614243.71764968,13635709.2873612,14362181.7197098,3365041.80480125,2442047.65002063,64473772.3292962,2537471.2726746,10581076.8153662,9184038.05253247
"SQDG","SQDG 38:9",3315058.86914915,10176381.4157581,17089619.917729,11836563.0981434,27135372.2349645,25752720.8372739,3938297.28178394,34190507.2764139,5293100.10742203
"SQDG","SQDG 40:1",247010222.447102,944666040.806118,971278108.89243,16148397.5740744,9875130.28482096,9039692.97334994,3020451.63876551,16879568.8652152,853639131.689685
"SQDG","SQDG 40:1 +1O",1136061.80010355,2245135.67420463,13105220.9970508,9274599.10709009,1607955.81202982,6317443.05035612,1786187.23625163,4788362.06207796,3528673.63006634
"SQDG","SQDG 40:1 +2O",8021729.27644403,5206020.39844642,4686322.10603192,0,61651.5467392946,3711165.98173935,0,9005888.92808975,11340470.979632
"SQDG","SQDG 40:4",4267083.84895756,49481996.2968433,103136278.845388,10321340.5153015,77358761.7140658,34620513.4063706,5810110.68943956,49882127.4140449,21215531.6804005
"SQDG","SQDG 40:8 +3O",5409716.45189579,21091309.4165723,18183849.0195574,6967936.71819453,5940366.02520925,33550036.0955953,4183347.36408342,14893899.1512551,10273412.4563312
"SQDG","SQDG 42:1 +1O",32946276.9305942,160498139.603268,118062825.659887,9603692.32124234,15566471.4154859,8946204.24460986,3013387.1678877,25163585.4998856,73865274.9422228
"SQDG","SQDG 42:3 +3O",2786942.45117341,6363488.16973855,5666559.70291064,1426311.60903875,415099.916797168,9935035.54544796,141239.577236664,4241739.72219927,3908673.59760312
"SQDG","SQDG 42:9 +3O",2062621.79747792,5461475.48527056,3687833.33588211,3147288.64125626,1165920.98866482,5533349.86928986,2243746.46020911,5434912.84985409,3996678.30537738
"SQDG","SQDG 44:3 +3O",1967284.72104687,2491167.53258373,4017814.8404428,638037.486441874,449444.878413639,5652705.29109114,72328.4915676979,5807647.90440641,2598967.89788998
"SQDG","SQDG 46:2 +1O",10408495.2654752,63186293.7053741,27216118.9478436,1344076.03410178,1453052.4719351,1757458.35646333,208990.238362962,6506050.08152284,16119382.9304221
"SQDG","SQDG 46:6",4133285.2168329,11067336.9922417,5147853.90870204,4100303.95236111,293675.802874102,63729.3774433235,744925.711131714,0,5843877.0020871
"SQDG","SQDG 48:5 +4O",1376241.53989355,1646124.47766675,2607390.21027938,0,50450404.3168715,43873957.072639,0,57415846.1277378,121981.852583037
"SQDG","SQDG 52:1 +1O",2915037.49698759,8729236.27270395,5940685.20009955,0,52142.1608610289,0,29321.0251898978,76545.5620041389,5657175.15785659
"WaxEster","WaxEster 20:0",18628748.5162364,371965122.13492,115536559.102344,41444099.6940503,52202758.3955547,6188394.75058018,27243076.3934743,2106132.61127018,7102403.19021408
"WaxEster","WaxEster 20:0 +1O",5803166.00252737,30201117.2665649,17133767.4065054,5374815.82833264,8361576.48791119,4056650.30823899,1778316.49842676,687971.937427285,792288.161372077
"WaxEster","WaxEster 20:1 +1O",3500025.77705791,13689109.8989942,11783272.7847509,4816830.43954001,9851348.07653652,10659844.8747583,2358685.8773656,2601954.76711129,1567963.47382707
"WaxEster","WaxEster 20:3 +2O",4732246.27697447,9301253.11499543,25099390.2691131,10074038.7116375,9617231.6033468,7764821.8144895,3532157.34878737,5005625.84465327,3067427.30823049
"WaxEster","WaxEster 20:4 +1O",53870.0309517901,263239.16385899,348465.382373629,21899.1092792853,5242507.35447801,5059412.04811004,12935.3189468813,4348956.36720418,22072.4293900732
"WaxEster","WaxEster 20:4 +2O",3003568.17374811,9841740.34745652,6501822.0524842,2875146.80002209,42531964.4013034,36669871.9703459,2674187.06465947,94459785.5857144,3541164.66924245
"WaxEster","WaxEster 22:0",5681976.18836958,112331283.114711,38702640.3012184,13121828.8947604,19218700.5442661,3542859.05777755,9584955.16181552,1998671.74390924,2723241.0393545
"WaxEster","WaxEster 22:0 +1O",1653717.98549832,10582212.1906286,6530987.35938921,2173811.18180695,4443771.47547315,2157570.44872256,923731.048221109,861278.585996081,200604.826978735
"WaxEster","WaxEster 22:1",3964044.75592476,147605102.058896,46127299.6458943,18728628.2085205,19971333.5454935,1221702.18206343,12471646.2536733,590480.06043367,3515118.82993722
"WaxEster","WaxEster 22:2",1580922.60026842,9751316.81327162,10469644.8333827,4836765.51067914,6205038.62854018,10994349.5485369,4983950.20112698,3880651.07296715,2261587.12558525
"WaxEster","WaxEster 22:3",4192808.60970738,16331517.7344463,18959697.8088411,6027268.54952809,15008585.9484206,11664430.8101742,15887047.3148379,6020128.7273134,2975102.12675725
"WaxEster","WaxEster 22:3 +3O",11503711.6656219,12458627.2148436,40234356.0155788,16662630.646374,19417363.9149139,13170183.8336166,4736551.96731552,8922934.6768565,4569852.22241178
"WaxEster","WaxEster 24:0",3300111.16465183,13325606.8421268,6868780.19029981,4001219.3531393,7259915.81163511,4562444.08705596,2833745.70327974,2967582.89692913,1350656.53931619
"WaxEster","WaxEster 24:1 +1O",3682645.56754701,23479902.4329815,9883737.90298015,3955672.08992352,12452122.4407817,6788486.34515147,4925818.636151,11787522.8620752,2174137.42508474
"WaxEster","WaxEster 24:2 +1O",2478356.28158846,18857166.1750225,18023777.3989507,9971038.44583252,16089168.5784777,12645879.2916396,9633169.46234997,10535786.1054947,8081502.43217252
"WaxEster","WaxEster 24:3 +2O",11834386.3391418,200301545.520179,193639546.509489,110806190.997738,149544685.789954,120069738.853343,101163721.197553,81800116.8109557,72915547.2090859
"WaxEster","WaxEster 26:3 +2O",3711338.53440972,52793941.1361901,58725167.8831784,27558780.4457048,41249102.4930017,33582934.2103016,21940604.6957851,19840932.7189508,21186250.271967
"WaxEster","WaxEster 26:4 +1O",396189.760852206,5130008.83562202,4551550.42260921,2682798.45027218,3942549.55385716,3021273.41234173,2159918.6293197,1938869.58241799,1489647.1256198
"WaxEster","WaxEster 28:3 +3O",1699743.90923582,12770508.1014682,12515696.6001075,6158760.18876147,8868482.31867691,8475776.07732188,5495001.98785791,7222456.05316273,4774636.91450446
"WaxEster","WaxEster 28:4 +1O",4335437.90169513,39248400.6513921,41988221.1893255,23428272.9103843,35292313.6115074,23909471.2157299,21876497.811798,21431907.2804538,16145912.3302019
"WaxEster","WaxEster 28:5",4521071.33139351,32066553.9497821,33357356.3215556,16544563.9844241,26932194.1553981,20568753.7733951,15018036.1895752,20202717.3927038,15012457.7060454
"WaxEster","WaxEster 28:5 +1O",2387788.44634913,15489745.7181828,16468354.8882486,9051101.03095205,11892022.5491494,10550534.5600625,8499767.99402922,8753836.12498064,6825048.29082726
"WaxEster","WaxEster 28:5 +2O",646295.772998534,6088052.81082346,4206518.75830947,2516369.22130367,7638889.57074962,4279260.63313165,2429568.47672802,1356330.97982181,1084279.44207281
"WaxEster","WaxEster 28:5 +3O",141621.468118832,3288411.33815709,2768872.14425444,1101986.72123329,2202969.09322115,1916596.84528585,1458046.91507328,1350443.07800901,1246292.36320577
"WaxEster","WaxEster 28:6 +3O",1289706.61135437,3175152.723241,3950987.6360896,2504933.94192203,1678834.61371737,2573605.91912253,563530.364116499,2024990.66733642,1504535.01401255
"WaxEster","WaxEster 30:0 +3O",831728.598255605,11525565.0877208,8509737.67557304,5221251.41433133,15154083.2870641,6936622.81428585,6960937.18340045,6542223.7673141,3033802.62025608
"WaxEster","WaxEster 30:1 +3O",2078566.07028195,5108310.2060723,17642969.3474791,2827529.15090222,6228584.5905742,7818952.12356149,848249.957670932,16183321.344024,3906304.96352507
"WaxEster","WaxEster 30:2 +2O",494469.729835519,2007306.06828892,2477968.14889823,559136.843762229,772212.429199313,6848013.92101623,50448.1245462388,4707623.17811557,1017120.88779237
"WaxEster","WaxEster 30:2 +3O",143625.909103331,69657.0070094353,59508.4053720925,0,698384.458224329,16767337.021716,0,45081582.1655621,0
"WaxEster","WaxEster 30:3 +1O",7791382.08816519,3878306.27183144,5810706.00180334,3940760.0732239,6778014.56209814,2313840.20305452,459082.067429511,5903228.05024564,1781819.93010051
"WaxEster","WaxEster 30:3 +3O",11184103.3075247,32770544.5297208,86288794.2811857,15312285.7967734,48160872.6363945,58528880.1656667,8103014.00273453,61732171.7932539,19103844.3288698
"WaxEster","WaxEster 30:4 +3O",1325253.06854665,6316356.73721123,9353677.44076698,1357211.42762186,4984159.77089621,10988414.3047761,841204.26225274,15681882.5723293,3123116.73904624
"WaxEster","WaxEster 30:5",1357833.94040806,8653176.95426385,9222271.86902328,3680243.97863149,7562194.79270924,5339170.36149545,3849809.45862043,5077451.84924656,2914095.20294916
"WaxEster","WaxEster 30:5 +1O",1363750.69537437,5024092.53785625,4250892.55693692,1640664.56504088,3742497.61759962,2735443.0771275,858671.773637771,3998226.8652972,2154539.19569227
"WaxEster","WaxEster 30:6 +1O",1122741.1140451,3395599.65934456,4166988.05919164,2392518.6924402,1492315.2841572,695856.795219264,1156196.56006149,2583043.8716911,3168367.62713664
"WaxEster","WaxEster 32:0 +2O",858170.795278814,4055345.5179073,3422658.9508827,1518629.43951972,5591060.5128509,2544959.75218954,1637921.05578248,2011482.10697968,892160.783336316
"WaxEster","WaxEster 32:0 +3O",880846.071400371,6945198.1967758,5615978.17154344,3172732.02881002,9091438.82294136,11284207.9627429,3641843.76278797,3952441.38909044,1648499.33624755
"WaxEster","WaxEster 32:0 +4O",627204.667083588,8022088.02721959,6531720.46944132,4042764.74578025,11189232.7152346,3747700.99149673,4867690.49951026,4486019.99075493,1606405.94167274
"WaxEster","WaxEster 32:1",390689.129715663,3088237.09991765,5503322.48953024,0,129171.156261778,9079678.60312257,29098.0004604854,3514347.9858679,1039913.12558191
"WaxEster","WaxEster 32:1 +1O",4319672.71389147,12785834.2045395,13639636.6994668,7805247.81788121,7383594.7348341,421960152.30194,2087187.3081444,10171164.4654779,5678873.11347101
"WaxEster","WaxEster 32:1 +3O",1167235.23159637,2886812.58263583,10834590.5657424,235669.577684049,2283528.93930342,3420364.74368657,107310.193148377,9315331.89834865,2961689.90469407
"WaxEster","WaxEster 32:2 +1O",6081740.94604979,18165023.0997612,11871014.1754083,4064976.08286473,5316480.77667801,1686653215.28379,1934019.38652353,12875923.3396997,6386592.75602379
"WaxEster","WaxEster 32:2 +3O",28204.5682040531,159735.834727775,126820.475728522,0,912228.939101364,16472909.9651324,12447.9027237631,47236995.9162648,27689.8594901682
"WaxEster","WaxEster 32:3 +1O",7759152.00955485,17524366.282405,18426893.2662141,10100959.4059489,10338987.4171193,127022577.75242,2915614.24694591,14066119.1829766,7341379.81090448
"WaxEster","WaxEster 32:3 +2O",1213387.83626954,1536502.67721022,510370.040574618,26706.1631481333,3581007.09798399,5419993.62191931,26305.2672629543,23740727.5111422,523589.472100113
"WaxEster","WaxEster 32:3 +3O",68123073.2005313,225072236.567876,588059127.776793,86067994.3946781,277635092.27522,307031155.750117,49518014.7766228,483221942.982731,155879681.866147
"WaxEster","WaxEster 32:4",1001636.23444246,1546965.54553276,1886042.60423641,767061.481524851,795071.453649107,16453076.4364712,204398.281883945,1301234.99649806,625351.975663429
"WaxEster","WaxEster 32:4 +3O",29404262.1862789,136904387.280112,341820089.675222,26273322.5639653,146295126.61754,254818153.291621,16514887.906365,509925916.180865,82675779.7765963
"WaxEster","WaxEster 32:5 +2O",771359.913837014,2538077.04460793,2371627.32724662,2559916.48021484,702693.474742271,842061.352228886,939954.136035883,2314374.21938148,591255.882125863
"WaxEster","WaxEster 34:0 +2O",404510.828125821,3241193.55670708,3303420.9321815,1081312.00686352,4013683.34527825,1932266.45203408,1539262.22987941,1439642.99727441,679483.845053143
"WaxEster","WaxEster 34:0 +4O",512761.87040516,4661303.9513541,4029206.95710596,1899000.88494611,6197713.01643592,2201765.37586594,2854321.82147155,1878097.58155366,862885.213056253
"WaxEster","WaxEster 34:1",496205.624654696,3155607.19331944,6981871.84248962,277097.896646186,357411.099152729,13065669.2152588,784297.297802473,6633709.66975738,1426563.70327918
"WaxEster","WaxEster 34:1 +2O",6126485.54531339,12184387.6053707,10453207.1749356,13610704.5742564,7021962.17671949,5996780.8276819,18395666.2654607,4124769.02260139,3166221.99578189
"WaxEster","WaxEster 34:1 +3O",54794391.5844192,75685686.69807,45039553.0237468,4580536.84903515,11047770.834637,16965391.5775651,895984.936276019,12095813.2051971,26700621.7388367
"WaxEster","WaxEster 34:2 +3O",24028567.0587973,39431898.9379462,24813362.7413869,315718.371912774,3264317.43123985,23731595.6978906,63177.3303401,17882789.7966322,15757649.0462181
"WaxEster","WaxEster 34:3",1052907.90192759,3673165.57793995,3917075.59714767,934258.158458996,4237083.42786659,11013710.2213272,671692.035190116,4176735.88658025,1852491.44622833
"WaxEster","WaxEster 34:3 +1O",27991718.5150911,92050401.2677912,59794554.5886652,25883768.8414992,54106715.383372,4084172540.45002,6817551.86092096,77432541.2244284,20937547.0345126
"WaxEster","WaxEster 34:3 +3O",28837393.4284488,90428963.2363622,219821671.873477,18011150.3476202,98981788.8870566,123778262.068831,11219413.2192442,132989971.194387,65995269.4529685
"WaxEster","WaxEster 34:4",3339037.72016274,7265838.09658282,5758647.70922882,2267223.99466247,4924091.22525501,520503297.794389,469177.031123516,9247590.32810137,3079336.14737261
"WaxEster","WaxEster 34:4 +3O",29144698.7620407,136308424.311054,285806749.193571,21479718.4420591,210123054.631639,199103038.144979,9399223.78247132,211444979.78882,71126820.3226326
"WaxEster","WaxEster 34:5 +2O",8287537.60436174,28896098.5196544,23945423.1513279,9592849.43684797,14008816.1237384,17243818.1756724,3071910.63935126,24760258.5293639,15439518.8273848
"WaxEster","WaxEster 34:5 +3O",2897857.14733614,8530301.7531828,13503277.235307,1463310.25142534,10722352.2317237,10806428.5570193,721072.246044886,16867161.6564876,5188299.99032641
"WaxEster","WaxEster 34:6 +1O",2227568.27642623,5500861.89091472,7298440.49107063,1811993.34481235,6557205.72441927,6232474.13562175,129916.939979369,7677841.23765158,2672139.81212744
"WaxEster","WaxEster 36:0 +3O",1400254.65425012,7612225.123975,8371298.88859071,3911500.47808418,6495882.31602917,8127526.42263402,3826923.8922688,5999138.46506752,3111859.9348496
"WaxEster","WaxEster 36:0 +4O",1224233.30622193,5153401.55531465,4378129.17457184,2288706.63057413,5623957.60526144,4023781.65279171,2180049.24549007,2508494.21602484,1406122.60390544
"WaxEster","WaxEster 36:1",630565.429119363,2000309.87987779,3864201.74398713,3567633.48526204,986323.311726136,749616.275109677,1838236.31219204,388629.104610475,1036001.11082716
"WaxEster","WaxEster 36:1 +1O",3312715.06915028,8084537.32669747,6904175.80744497,1381092.51290818,4218166.81703569,4215694.44633914,1590763.70207752,5609261.68986374,1175228.48271179
"WaxEster","WaxEster 36:1 +2O",3406985.30981418,2896468.2500667,2178375.00831638,1130268.85850194,11048455.0309116,4647273.97076414,1623759.57973756,18188004.0141636,4873492.94758625
"WaxEster","WaxEster 36:10 +3O",7586231.35136672,16339470.7522015,23941296.1701212,523167.680683346,18267460.447217,13468422.2283294,77002.7438819184,37235323.0237068,5089756.36610539
"WaxEster","WaxEster 36:2 +1O",11495846.0304889,33909056.1835783,43084786.5621502,25876347.2138049,63730963.6504014,185285210.113613,8447875.0336464,87683534.6519719,20681265.8649615
"WaxEster","WaxEster 36:4",1758143.32470527,4599854.90169897,4258521.51399109,2610650.66257279,5744011.74945848,2632439099.41502,581555.350724705,6509021.09523069,2208975.24725049
"WaxEster","WaxEster 36:5",3963320.18702444,5815423.00418438,12875484.4419285,8486258.04529462,12268051.7439163,102689046.264563,1765304.191849,12958753.7617692,6591845.14921319
"WaxEster","WaxEster 36:6 +1O",2777447.09635217,11271693.4761625,7758555.25396239,4399170.17526576,12678104.5627768,9338029.87093919,1247110.49919246,17323011.1870015,6482212.49144776
"WaxEster","WaxEster 36:6 +2O",3908161.72586709,12273720.0125059,11853570.874811,5850490.50531431,12255408.6303627,17693199.7643331,2682862.28809359,19679246.022059,4734489.41260775
"WaxEster","WaxEster 36:7 +2O",2923751.29180672,6061240.71636391,4725334.66984662,4197396.51413519,21672069.320548,20555748.5401163,886293.002309281,53947607.6296228,5896977.9415914
"WaxEster","WaxEster 36:7 +3O",12269402.3581249,19167491.923973,36837295.9550787,2876078.57096992,44018627.8742449,35624557.0989843,1365059.56006296,123259854.487221,13442560.9588558
"WaxEster","WaxEster 36:8 +4O",6643366.54153222,31627781.2419362,56455861.4172782,21931316.2967113,77015677.8489873,59720348.1096035,13136647.3546692,99341054.1918196,19154704.6129738
"WaxEster","WaxEster 36:9 +4O",3237510.42649563,11535911.2287586,23658712.082202,3518498.09855534,9738949.35700163,13818080.561257,1967723.72367242,12720196.6574959,7194529.14687291
"WaxEster","WaxEster 38:0 +4O",918308.939100224,5030051.15080518,4281830.40932657,1780376.31442507,4829615.60300209,3064620.78860165,1799136.14532279,2092416.1693617,822467.594267699
"WaxEster","WaxEster 38:1",1995579.93232021,7493866.91321624,12611617.1364753,15050664.9014276,4556297.78047489,2275741.72933821,10399953.3515684,2262328.8594589,2936722.48852043
"WaxEster","WaxEster 38:1 +3O",4993909.92635753,6934083.18094633,4819803.40939508,5138309.72665282,5171725.48870132,3272526.30081473,517510.914676809,3546156.07269908,6490203.61423503
"WaxEster","WaxEster 38:10 +3O",3414198.08148565,7600504.29114275,9183963.27662827,3099441.61176829,22407377.1122259,14911189.2739529,262032.470646519,34130674.638004,2953945.6068473
"WaxEster","WaxEster 38:10 +4O",2020082.826669,1762889.92358181,6138167.8587858,2028200.74640912,22770863.4901801,6364932.71044471,515632.249627448,5351932.74308342,273808.646158686
"WaxEster","WaxEster 38:2 +1O",8260101.17045355,28299562.0169875,29274780.3386213,35926570.9566395,50723685.2169724,31241913.7721288,19900752.9897605,23009378.5426314,12322734.1323162
"WaxEster","WaxEster 38:2 +4O",8840128.85725555,12697746.7424246,18119330.1211662,6199030.72920197,14060715.9372725,4509706.61448856,1205370.86943282,8205358.29862834,4156372.67017284
"WaxEster","WaxEster 38:3 +1O",8782014.02230023,27311844.8858581,28730532.7950613,15795441.1896635,28903035.781559,653022628.139123,6838167.61496415,53693067.5136088,29873882.5911324
"WaxEster","WaxEster 38:4 +1O",15721669.8790707,42048909.6344788,115035783.570474,60349621.0018699,56602714.0177088,88573434.4657553,14191361.1650564,83175364.5832787,36691251.1729957
"WaxEster","WaxEster 38:4 +2O",15642984.5488199,23385019.1432394,26874215.8490298,12256905.1787383,34271120.2950273,19135712.5524998,4151652.18910308,78859223.5500988,21804485.4417635
"WaxEster","WaxEster 38:8 +3O",1685207.20451883,4293357.62588938,6525861.2171175,2287674.8225769,18211305.6103991,11710001.64784,415695.87328906,28643631.8782789,4154336.32387307
"WaxEster","WaxEster 38:8 +4O",627076.066632868,582650.126910577,1018157.00490499,112428.186498486,83375089.453496,38740256.2921316,95331.3599231075,58557898.567547,117368.86154427
"WaxEster","WaxEster 38:9 +3O",1406475.366528,1713942.97016514,2913719.98367328,661957.188843972,10646395.4233865,6448990.58510095,32651.9896664745,16608620.720929,1331527.93843292
"WaxEster","WaxEster 40:1 +1O",6137122.57698657,14308096.7925151,14045016.6112758,10460496.4464462,36285680.346558,14462449.4810847,3907417.14206842,21815386.8344868,3777098.44267207
"WaxEster","WaxEster 40:1 +3O",10917491.7485619,18990545.261729,14747512.8839079,20041974.7046587,19427435.4149211,9604776.20712806,4653615.1519129,6320628.02083411,4846072.940431
"WaxEster","WaxEster 40:11 +2O",1488398.39008275,7660677.00689575,2389636.81808806,1021834.38522611,6296437.94562709,7920453.88739125,168873.877669533,21954352.8486256,5604028.48221177
"WaxEster","WaxEster 40:11 +3O",12694633.1199133,33886854.4045999,49534943.6654155,6777615.39848791,62573373.05195,66247660.7582156,1555005.36030504,137078018.085082,15917484.9060812
"WaxEster","WaxEster 40:2 +1O",7019648.29676783,22005579.7997462,23289980.7699227,11359695.0725875,44274480.8148412,15974971.0021349,9001611.89245352,18369881.6775162,4773226.41189316
"WaxEster","WaxEster 40:2 +3O",2471072.73578151,10754573.158157,13501839.880525,22666798.3709008,23722000.0310631,13391464.4239514,3815021.46337536,11481427.7496807,6323719.77169703
"WaxEster","WaxEster 40:3 +1O",14802558.9975403,17577934.1168543,15409082.3058858,9019425.66086498,55104529.9302203,48142318.9051028,2902869.14846344,40079754.514317,6274886.1504945
"WaxEster","WaxEster 40:3 +4O",2877787.32122163,5998047.45261881,5465570.99765213,2570202.02710343,8664019.94993086,5742762.98274114,802735.006450123,6432446.15148798,7508891.51323184
"WaxEster","WaxEster 40:4 +1O",24240526.5721836,77448335.6568307,94768156.6865193,35127959.0253457,136736900.692986,143611538.875097,9909401.03191748,273473660.836008,41504310.8939803
"WaxEster","WaxEster 40:8 +4O",0,0,40722.0082177863,0,33606309.5952599,10554465.8453565,0,26725027.6892689,0
"WaxEster","WaxEster 40:9 +4O",442118.634662956,265736.083743595,275404.464459152,212025.768435627,39587108.2587168,19435260.4613638,25726.9412611133,79527169.9670029,22310.1839846251
"WaxEster","WaxEster 42:1 +1O",678945.20532219,22386180.658888,23194324.6429275,7056623.05184475,19696796.5043639,12593237.3607724,4854160.99175601,20867675.000941,6006231.30854601
"WaxEster","WaxEster 42:1 +2O",12018505.2835415,22775347.0458671,18441637.0032966,9506369.7835347,20761363.5200038,12348453.0277964,5394568.48205579,7435084.73958058,7109388.52336424
"WaxEster","WaxEster 42:1 +3O",17212729.4140154,38338093.1933478,31432682.9711926,30788130.6014776,53705929.8940801,21917400.4767881,14133388.4337567,15061996.4096281,7002002.40973483
"WaxEster","WaxEster 42:10 +3O",3783419.64767498,2839313.15277743,3582964.10004241,915886.205689565,3804007.81215427,7292917.19823903,161990.656135312,4653894.28056861,7819003.71684875
"WaxEster","WaxEster 42:11 +4O",2458060.90471119,1953975.64655282,4147779.7185846,2208049.4120778,103897320.857041,52213219.7586605,211605.731129676,103714482.019591,2454824.40204522
"WaxEster","WaxEster 42:2 +1O",9000402.14080265,27878473.6560019,30883253.9264964,10805113.0541408,45507459.2972175,21017238.6231025,9112354.86529183,26192512.2142743,7130727.16111826
"WaxEster","WaxEster 42:2 +2O",5060147.93182928,77144040.3951862,48855341.9621522,14728894.6360448,51214200.1591044,46687017.952115,39462559.292038,44739408.9586826,5857870.01700357
"WaxEster","WaxEster 42:2 +3O",5027650.68939069,18227934.4405773,13947625.8848375,4283617.66218727,12527408.1615227,6122786.28896996,4127341.9331174,4924277.56052917,3113468.02945192
"WaxEster","WaxEster 42:3 +4O",2883566.99783939,3663023.07615056,8867555.74569527,6217673.53494165,16248533.6819431,1931268.50431641,7363546.31638891,9759074.21189646,16582165.6397511
"WaxEster","WaxEster 42:4 +4O",1325308.19807804,1671052.17457006,2570493.90010467,516612.188681268,2842468.8079397,1359338.32777404,964286.928684908,4646185.25910976,7708586.43319499
"WaxEster","WaxEster 42:8 +3O",694881.508876194,1102709.07058149,2149283.20270236,1053238.33422428,804617.772429619,2793916.53756455,572424.256384523,1986552.73138975,857795.592907811
"WaxEster","WaxEster 44:1 +1O",13759813.7315021,28474902.7532579,24938026.4140925,6616058.88369845,16421070.0741412,8906626.88650517,4246244.96704063,7580516.29365158,8497758.31910312
"WaxEster","WaxEster 44:1 +2O",8036530.50096513,19777675.6206707,23116908.3734501,9072310.75966949,22531030.2910729,10634382.9089338,4961174.52058134,9358338.9644015,6725433.43456505
"WaxEster","WaxEster 44:1 +3O",8638277.87374862,28548207.3921088,25568470.1635701,20465154.6675442,34902286.0530714,15190138.2169982,9875864.59548992,9477145.66264854,5782483.62211463
"WaxEster","WaxEster 44:11 +4O",807386.744998226,2827760.49156675,2034470.00983049,145568.472164153,4960839.25211983,3177638.41179158,83711.9606418577,6892666.62751399,1913994.61976736
"WaxEster","WaxEster 44:2 +1O",7485367.21318273,22117092.5299123,20552577.2773306,7589222.56364933,18014882.6438895,10275298.0236332,4517730.77086635,6240349.97647179,5164430.40426895
"WaxEster","WaxEster 44:2 +2O",4675972.92491922,15198612.9912687,18014928.6300478,6116509.02691909,14067391.8005861,16243553.5010843,5815841.21806354,10890836.4013349,3147358.71945063
"WaxEster","WaxEster 44:2 +3O",5295354.78340799,20307831.4243594,15529071.4253065,4128145.46552207,13531450.9220381,8278881.1495325,4283332.67879739,10007888.2498475,3630544.26899207
"WaxEster","WaxEster 44:2 +4O",4331256.79374507,9574515.04911464,15053672.0152477,5918920.67121048,11736576.9766755,10935390.0792588,3154499.54667725,13220718.1543049,7115845.10663063
"WaxEster","WaxEster 44:3 +1O",8017422.649612,25862889.436564,17981804.2790722,8370255.11857606,24946537.1043555,18565585.5767389,4747820.16436209,11217544.499179,10522279.4867439
"WaxEster","WaxEster 44:3 +2O",16586924.0235265,59430540.3145262,51210677.2733837,14776798.1397474,38404197.5042271,30551750.1071859,13259594.8077139,32311626.5888017,13615692.8304356
"WaxEster","WaxEster 44:4 +2O",2010256.0072381,3803972.12670632,4401826.47475712,1215761.87397872,2291744.85094445,7848296.23640345,334596.907512464,5064598.55079823,1677651.01716967
"WaxEster","WaxEster 44:8 +1O",1304009.00706207,3396035.36392061,8618181.795084,8864524.62207459,27650826.1793265,14148466.0137098,1107156.74626643,12294109.8773194,3980182.06222506
"WaxEster","WaxEster 46:1 +1O",4322496.47286927,8808684.77388154,8754994.66332475,3192756.73318451,9636727.49675521,4594810.99751141,2244905.00676468,2051526.67942587,1100058.52069957
"WaxEster","WaxEster 46:1 +2O",5230974.82556584,12427468.7162305,18718130.7286701,8277522.36323567,21184412.537219,11610488.7261303,5806252.37291693,6094013.46211031,4920219.08661339
"WaxEster","WaxEster 46:1 +3O",6177198.66381015,23521682.5129266,17718488.2903531,7563932.21444536,19058048.3124569,11007041.129648,6234150.8764611,5058741.5902742,4023005.11196021
"WaxEster","WaxEster 46:2 +1O",1605855.6891193,6803328.99436598,6486949.92568615,1905976.62784951,6854280.14454226,2564875.44909946,2250769.67030927,669058.823382326,907156.255599305
"WaxEster","WaxEster 46:2 +2O",2046386.09694477,8463708.34724245,11059446.2013191,3776281.51257084,8575977.11066153,11628119.1626366,3441505.43002654,9550854.76304934,1886130.31030034
"WaxEster","WaxEster 46:2 +3O",1649721.53709794,7282587.55867733,4385487.62435057,902541.622873155,4944313.41240726,2153115.70577732,657715.946923431,1093997.08265379,53398.5726560308
"WaxEster","WaxEster 46:2 +4O",17269976.4218614,46721477.9455787,45219082.5805803,14948881.7058077,28930460.5368374,28489001.8284165,9096484.67660362,44679533.1613295,35225030.8859268
"WaxEster","WaxEster 46:3 +1O",3287319.325644,12151629.4489292,10080980.3697807,3534193.34906575,9644207.9756747,6726510.51858243,2506944.05834171,2302430.97552397,1588466.09394415
"WaxEster","WaxEster 46:3 +2O",6107587.17823778,19896219.7737865,16613354.5710721,6658959.57413383,14802887.6789945,9899352.33488137,3356773.32442584,5482268.13864536,2959255.89823709
"WaxEster","WaxEster 46:4 +2O",1133677.27073092,5200087.70529061,4815549.06197716,1684595.03004959,3236916.87438116,5887961.37856688,755728.559412482,4215029.21501717,680311.006893224
"WaxEster","WaxEster 46:8 +1O",994558.061331161,1705122.53731658,7123303.64698363,5983819.61390609,8175612.17629799,4904069.36451435,1027544.81070437,6461301.42410423,2944204.18518575
"WaxEster","WaxEster 46:8 +4O",19638922.996343,32219712.4000846,48651013.833275,34876611.0470551,36128469.7189038,12001039.5970412,10277008.1824645,12325211.7905258,13531743.2068842
"WaxEster","WaxEster 48:1 +2O",3415925.14465792,14590830.8878383,13343756.6519081,5516069.37432024,13151596.2234086,5966748.64671993,2978949.83860045,2915971.64172355,1871035.24105063
"WaxEster","WaxEster 48:1 +3O",1392129.92016553,7995964.28576261,4965248.0431346,2235083.53391866,4325953.94082931,3563314.63363945,1604984.02970236,866638.053876135,555524.215214051
"WaxEster","WaxEster 48:2 +1O",1645561.98314247,5871900.5828797,3615822.17045478,1084731.63155814,4441439.44379194,1435188.67968921,1265771.00416162,355601.00262135,94352.6732838776
"WaxEster","WaxEster 48:2 +2O",1504879.27790361,3752437.18397052,7447357.19246435,2277691.15124004,8250954.50367489,14423213.5934058,2595801.08559242,15280644.7957389,3481264.06616416
"WaxEster","WaxEster 48:2 +4O",21735886.5013268,67260010.2177224,69203666.5044309,24292093.3346226,47728197.3564232,48002382.8937299,18154624.7710736,73083571.5508691,45520355.2756352
"WaxEster","WaxEster 48:3 +1O",1960245.37766124,8732302.14608538,5742339.18285427,2095598.93945113,4621395.38998715,2689580.17909906,1059469.75110812,734441.567425127,706211.015497725
"WaxEster","WaxEster 48:3 +2O",1598257.99983896,5616360.46231443,10015135.0468011,1834387.52411792,4073804.66913386,14382124.1703547,805746.06968396,10021482.5505625,1434852.79388989
"WaxEster","WaxEster 48:3 +4O",55056438.6054031,138015547.847513,129163780.321792,31243542.4706439,67879541.633069,76986169.4011454,14849734.4633536,151822603.390137,113908927.900438
"WaxEster","WaxEster 48:4 +4O",27995798.0259154,68143630.0756034,65183341.3248823,17164951.0813701,40782454.8211026,50283130.8820869,7362140.87316741,95335510.7112095,58026683.6042218
"WaxEster","WaxEster 48:8 +4O",7910922.04480299,11971172.2798044,22477810.4807966,21280356.8061238,14296661.0652303,15720349.0674372,12248345.1503572,9245859.00419826,8452628.49021116
"WaxEster","WaxEster 50:2 +2O",3244858.58813928,9255371.46150844,12576438.5571839,1628742.08656334,17824687.8884929,16159467.8928523,764989.645016387,28812728.4659907,8089706.31232997
"WaxEster","WaxEster 50:2 +4O",19004117.2959975,63851563.5361468,58253490.2403138,23782149.8377192,53669645.4900364,48440251.9862048,20907378.7671468,59859165.7237805,31877237.6106715
"WaxEster","WaxEster 50:3 +4O",68421372.6784339,184607538.574024,166788244.774638,46499761.7537482,105278660.069118,125145441.495296,25035261.7960557,228768072.805106,130745092.809838
"WaxEster","WaxEster 50:4 +2O",3908550.61735399,9791280.94640774,11376597.4595035,163505.380643613,19276355.0071841,10788322.8778326,460974.841070969,32630789.308616,7071849.45360528
"WaxEster","WaxEster 50:4 +4O",64791233.9602128,160165380.828911,136941148.648968,39352588.5473817,99405124.748775,116397122.559433,17252980.8759134,227966137.21543,120881018.589551
"WaxEster","WaxEster 52:2 +2O",3971331.35210334,12928420.2115703,11615370.2565998,897459.590780201,14451617.2444424,11047879.4933858,149157.252361332,28174606.2524923,8909021.68106061
"WaxEster","WaxEster 52:2 +4O",9267314.22967502,30818480.4923338,30492334.9931802,9818768.47118378,28154616.777819,25306139.5422687,10071675.7805639,27369300.9569675,15134505.4703687
"WaxEster","WaxEster 52:3 +4O",56069055.3290635,160319658.652522,113668399.224903,38859523.5496168,73806592.5177754,110970082.787343,22116759.9414141,139217699.64909,98002690.9072892
"WaxEster","WaxEster 52:4 +2O",3484633.12893884,18443644.5498036,16634317.0806798,46828.9121709597,18957278.5653812,15387621.3545199,0,32927343.399899,8940474.79514257
"WaxEster","WaxEster 52:4 +4O",60827217.2902506,169707216.241083,135603785.863953,43726922.8952688,88245804.9740656,132053645.626085,20261900.6197769,170484795.789138,112515127.178687
